0.5814857,0
0.5814857,0.02
0.5814857,0.04
0.5814857,0.3733333
0.5814857,0.4001707
0.5814857,0.422587
0.5814857,0.4351639
0.5814857,0.4489774
0.5814857,0.4590453
0.5814857,0.4744101
0.5814857,0.4909416
0.5814857,0.4996313
0.5814857,0.5178477
0.5814857,0.5294217
0.5814857,0.5441549
0.5814857,0.5633373
0.5814857,0.5720221
0.5814857,0.5847756
0.5814857,0.6030691
0.5814857,0.6143067
0.5814857,0.6438552
0.5814857,0.6581625
0.5814857,0.6729889
0.5814857,0.6887335
0.5814857,0.7011277
0.5814857,0.7153376
0.5814857,0.730539
0.5814857,0.7471341
0.5814857,0.7679793
0.5814857,0.776908
0.5814857,0.7874878
0.5814857,0.8022949
0.5814857,0.8154436
0.5814857,0.8291677
0.5814857,0.8439902
0.5814857,0.8572782
0.5814857,0.8709311
0.5814857,0.8846493
0.5814857,0.8985046
0.5814857,0.9124257
0.5814857,0.927093
0.5814857,0.9405389
0.5814857,0.9547043
0.5814857,0.9687737
0.5814857,0.9819757
0.5814857,0.9959756
0.5814857,1.011559
0.5814857,1.023613
0.5814857,1.037876
0.5814857,1.051941
0.5814857,1.066397
0.5814857,1.080928
0.5814857,1.093845
0.5814857,1.10785
0.5814857,1.122004
0.5814857,1.136376
0.5814857,1.150008
0.5814857,1.164243
0.5814857,1.177833
0.5814857,1.191361
0.5814857,1.205747
0.5814857,1.220849
0.5814857,1.23382
0.5814857,1.248172
0.5814857,1.26184
0.5814857,1.275563
0.5814857,1.289334
0.5814857,1.303528
0.5814857,1.317545
0.5814857,1.331426
0.5814857,1.345364
0.5814857,1.35924
0.5814857,1.372994
0.5814857,1.38699
0.5814857,1.401685
0.5814857,1.415449
0.5814857,1.429518
0.5814857,1.443738
0.5814857,1.456786
0.5814857,1.470669
0.5814857,1.484709
0.5814857,1.499339
0.5814857,1.513091
0.5814857,1.526437
0.5814857,1.539858
0.5814857,1.554169
0.5814857,1.568142
0.5814857,1.582982
0.5814857,1.596272
0.5814857,1.609833
0.5814857,1.624066
0.5814857,1.639322
0.5814857,1.652317
0.5814857,1.66576
0.5814857,1.679708
0.5814857,1.693798
0.5814857,1.707957
0.5814857,1.721607
0.5814857,1.735715
0.5814857,1.749908
0.5814857,1.763466
0.5814857,1.777666
0.5814857,1.791202
0.5814857,1.805316
0.5814857,1.819422
0.5814857,1.833483
0.5814857,1.848678
0.5814857,1.86234
0.5814857,1.875079
0.5814857,1.888977
0.5814857,1.902911
0.5814857,1.917518
0.5814857,1.931021
0.5814857,1.945555
0.5814857,1.959922
0.5814857,1.973383
0.5814857,1.986352
0.5814857,2.000879
0.5814857,2.015056
0.5814857,2.031185
0.5814857,2.045234
0.5814857,2.059501
0.5814857,2.083647
0.5814857,2.096357
0.5814857,2.110305
0.5814857,2.124492
0.5814857,2.138029
0.5814857,2.15221
0.5814857,2.165792
0.5814857,2.179994
0.5814857,2.193515
0.5814857,2.207728
0.5814857,2.22116
0.5814857,2.235266
0.5814857,2.250005
0.5814857,2.264356
0.5814857,2.277263
0.5814857,2.292416
0.5814857,2.305795
0.5814857,2.319693
0.5814857,2.332858
0.5814857,2.347086
0.5814857,2.36102
0.5814857,2.375462
0.5814857,2.388792
0.5814857,2.402931
0.5814857,2.417507
0.5814857,2.430699
0.5814857,2.444468
0.5814857,2.458402
0.5814857,2.474342
0.5814857,2.48684
0.5814857,2.500387
0.5814857,2.514464
0.5814857,2.528951
0.5814857,2.542739
0.5814857,2.556274
0.5814857,2.570328
0.5814857,2.584807
0.5814857,2.598235
0.5814857,2.61177
0.5814857,2.626195
0.5814857,2.639887
0.5814857,2.654085
0.5814857,2.668011
0.5814857,2.683834
0.5814857,2.695686
0.5814857,2.709801
0.5814857,2.723661
0.5814857,2.738126
0.5814857,2.752986
0.5814857,2.765708
0.5814857,2.779557
0.5814857,2.793496
0.5814857,2.80813
0.5814857,2.821464
0.03845195,2.835968
0.03885471,3.111307
0.0378273,3.322114
0.03891794,3.381186
0.03928706,3.455242
0.03979019,3.480598
0.04001267,3.523907
0.04012744,3.553784
0.04004464,3.580401
0.03995218,3.594474
0.03973052,3.606683
0.03965272,3.62377
0.03955325,3.644035
0.03955324,3.66207
0.03940767,3.689748
0.03874758,3.704563
0.03859368,3.726105
0.03904071,3.754693
0.0395699,3.779995
0.03940205,3.808286
0.03868127,3.836085
0.03808609,3.868266
0.03765278,3.892041
0.03862157,3.918566
0.03975555,3.94598
0.04046211,3.975729
0.04174647,4.002784
0.04234447,4.030478
0.03963862,4.059986
0.03775405,4.088059
0.03638143,4.11637
0.03065336,4.142467
0.03239528,4.169497
0.03195429,4.502831
0.03205334,4.647148
0.03205926,4.73932
0.03229022,4.784425
0.03238371,4.803724
0.0323838,4.836038
0.0324059,4.856783
0.03248658,4.886859
0.03263275,4.910436
0.03254493,4.933375
0.03234688,4.958055
0.03213457,4.987985
0.03184209,5.012789
0.03176918,5.043961
0.03176134,5.068343
0.03183767,5.097013
0.03171682,5.123158
0.03098451,5.151189
0.03053144,5.178179
0.03004304,5.20871
0.02940064,5.230841
0.02870566,5.257801
0.02722783,5.287849
0.0263951,5.317723
0.02491426,5.345337
0.02369658,5.373164
0.02193812,5.40053
0.02075985,5.432561
0.02018125,5.457747
0.02009736,5.486252
0.02009691,5.514076
0.02024776,5.528542
0.02034735,5.541765
0.02071289,5.555979
0.02089409,5.581934
0.02105181,5.607577
0.02121727,5.63332
0.0213958,5.658341
0.02148973,5.684861
0.02169201,5.712446
0.0218249,5.737123
0.02186946,5.769036
0.0218608,5.792802
0.02185405,5.821401
0.02184145,5.852551
0.02186826,5.876681
0.02196174,5.90555
0.02213475,5.936744
0.02236966,5.961787
0.02243982,5.989703
0.02250176,6.015221
0.02257261,6.043054
0.02259002,6.073398
0.02249523,6.100108
0.02234174,6.129325
0.0223129,6.156791
0.022306,6.184947
0.02219379,6.213624
0.02195491,6.241772
0.02171043,6.27051
0.02144033,6.298531
0.0210284,6.324375
0.02088165,6.35323
0.02073952,6.380843
0.02057688,6.408682
0.02038702,6.436104
0.02018028,6.464374
0.02011419,6.494439
0.019955,6.523507
0.02004061,6.547907
0.02023094,6.575434
0.02061375,6.603198
0.02114328,6.631185
0.02184102,6.660267
0.02233896,6.692075
0.0225307,6.716132
0.02261151,6.744853
0.02272135,6.769327
0.02282533,6.797626
0.0230328,6.826332
0.02323887,6.855001
0.02337405,6.88197
0.02331993,6.907739
0.0233106,6.937441
0.02330417,6.966767
0.02327569,6.993315
0.02329549,7.022138
0.02330269,7.04977
0.02337894,7.077427
0.02347616,7.105112
0.02359408,7.133727
0.02369383,7.161657
0.02379071,7.192031
0.02387238,7.219802
0.02391072,7.244944
0.02400533,7.275161
0.02398765,7.300622
0.02392187,7.327006
0.02386116,7.35566
0.02374887,7.383101
0.023686,7.412704
0.02364442,7.424594
0.0235626,7.439874
0.02317219,7.453248
0.02220639,7.468253
0.02119756,7.495744
0.0200934,7.52603
0.01897181,7.552047
0.01823126,7.578693
0.01758486,7.605728
0.01714629,7.638076
0.0167965,7.663734
0.01654795,7.691254
0.01635864,7.717641
0.01612234,7.744372
0.01591452,7.77334
0.01560452,7.801867
0.01539013,7.830526
0.01539324,7.861346
0.01554584,7.888225
0.01676289,7.912421
0.01754737,7.94023
0.01836136,7.968446
0.01931646,7.99617
0.02026754,8.024211
0.02093786,8.052796
0.02053694,8.080451
0.01917782,8.107471
0.01741986,8.137177
0.01615007,8.166184
0.0147509,8.192782
0.01331251,8.220078
0.01211938,8.247157
0.01164923,8.276497
0.01140931,8.30639
0.01164777,8.332043
0.01173939,8.361099
0.01178287,8.387548
0.01192648,8.414051
0.01200427,8.441894
0.01188075,8.457247
0.01169425,8.471779
0.01144759,8.486092
0.01205623,8.501351
0.01286232,8.514954
0.01362357,8.528099
0.01446516,8.5428
0.01419081,8.555889
0.01378531,8.570835
0.01329201,8.584785
0.01291053,8.599411
0.01245862,8.613422
0.01140352,8.627462
0.01025829,8.641999
0.009425508,8.656346
0.008713746,8.67044
0.008136515,8.685046
0.00777172,8.6991
0.007464078,8.715586
0.007263151,8.726656
0.007088946,8.741973
0.006956196,8.754568
0.006852691,8.767933
0.006772741,8.783387
0.006718501,8.796948
0.006666119,8.811661
0.006596437,8.825495
0.00652008,8.840436
0.006438461,8.853345
0.006368069,8.868114
0.006296429,8.883721
0.006242291,8.895874
0.0061922,8.909495
0.006153197,8.924797
0.006118883,8.936389
0.006087701,8.950077
0.006053837,8.965857
0.006021099,8.979736
0.006014972,8.991685
0.006015651,9.005768
0.006022739,9.019257
0.006005949,9.033549
0.0059893,9.048648
0.005992787,9.061802
0.006003413,9.075446
0.006019057,9.088725
0.006038322,9.103189
0.006060594,9.117788
0.00607206,9.135082
0.006083042,9.146485
0.006093609,9.158926
0.006104022,9.175204
0.006114183,9.187539
0.006135832,9.200649
0.00616078,9.215916
0.00614788,9.227721
0.006127982,9.2426
0.006126322,9.256489
0.006125521,9.27
0.006125389,9.285814
0.006115824,9.299223
0.006104753,9.31269
0.006104528,9.326329
0.00610531,9.343058
0.006106859,9.354176
0.006108687,9.368203
0.006110843,9.384067
0.006114896,9.396295
0.006141349,9.41119
0.00624352,9.423674
0.006425625,9.438805
0.006699335,9.451711
0.007098789,9.466659
0.007606294,9.48047
0.007980553,9.493552
0.008348161,9.506851
0.008710251,9.521928
0.009227424,9.535354
0.009767771,9.551319
0.009730915,9.563075
0.009643751,9.576682
0.00952405,9.590326
0.009575175,9.604811
0.009618021,9.620383
0.009894868,9.633077
0.01022273,9.647056
0.01045077,9.660336
0.01067412,9.676548
0.01089408,9.687749
0.01098183,9.702438
0.01104607,9.717452
0.01090993,9.729275
0.01074478,9.744007
0.01056149,9.760004
0.01047632,9.771936
0.01038921,9.78576
0.01035891,9.799617
0.01033965,9.815378
0.0103861,9.827754
0.01044733,9.842029
0.01052576,9.855194
0.01067364,9.869074
0.01084558,9.883829
0.01103709,9.895877
0.01118978,9.910896
0.01134955,9.925186
0.01156743,9.938596
0.01179536,9.952522
0.01196536,9.969401
0.01212844,9.982077
0.0122093,9.994651
0.01227324,10.00823
0.0123253,10.02426
0.01237326,10.03713
0.01241862,10.05166
0.0123789,10.06348
0.01232891,10.07776
0.01226213,10.09101
0.01209847,10.10615
0.01190484,10.12032
0.01179156,10.13547
0.01167088,10.14787
0.01163537,10.16294
0.01161995,10.17801
0.01162201,10.18954
0.0116004,10.20701
0.01158458,10.21956
0.01147483,10.23042
0.01134675,10.24527
0.01120301,10.25889
0.01097536,10.27278
0.0107189,10.28784
0.01020633,10.30252
0.009620792,10.316
0.009010369,10.32842
0.008395653,10.34387
0.007812262,10.35616
0.007366688,10.36971
0.006988449,10.38705
0.006776649,10.398
0.006609641,10.41302
0.006480472,10.42612
0.00638432,10.44191
0.006308988,10.45493
0.006174153,10.46834
0.00604154,10.48268
0.005906801,10.49617
0.005773328,10.51016
0.005641045,10.5238
0.005572414,10.53816
0.00551382,10.55197
0.005423535,10.56443
0.00532744,10.57989
0.005225791,10.5945
0.005164127,10.60703
0.00510464,10.62308
0.005052583,10.6356
0.005001158,10.64945
0.004975362,10.66301
0.004960644,10.67776
0.004959157,10.69052
0.005035027,10.70536
0.005163952,10.71934
0.005241765,10.73151
0.005323964,10.74623
0.005408732,10.76078
0.005534461,10.77397
0.005666404,10.78869
0.005899071,10.80479
0.006163233,10.81778
0.006604115,10.83042
0.007143711,10.84449
0.007768826,10.85784
0.009025883,10.87199
0.01045649,10.8864
0.01253012,10.89952
0.01479302,10.91374
0.01717765,10.92817
0.01830429,10.94314
0.0194055,10.95679
0.02068209,10.96916
0.02196077,10.98398
0.02324085,10.99603
0.02349054,11.01219
0.02357339,11.02577
0.02367145,11.03936
0.02395063,11.05316
0.024202,11.06588
0.02456934,11.08013
0.02478839,11.09411
0.02500071,11.10934
0.02520872,11.12263
0.02536263,11.13661
0.02550166,11.15121
0.02527815,11.16511
0.02498676,11.18019
0.02457754,11.19234
0.02412574,11.20594
0.02367676,11.22452
0.0232021,11.23435
0.02271038,11.24879
0.02227107,11.26187
0.02183692,11.27553
0.021441,11.29121
0.02105706,11.30483
0.02062224,11.31849
0.02018786,11.3313
0.01975119,11.34539
0.01944353,11.35956
0.01915543,11.37326
0.01895883,11.38799
0.01878603,11.40104
0.0186308,11.4151
0.01828838,11.4306
0.01791649,11.44478
0.01753485,11.45797
0.01711796,11.47077
0.01682847,11.48633
0.0165632,11.49826
0.01631836,11.51232
0.01616036,11.52691
0.0160254,11.54077
0.01567857,11.55579
0.01529362,11.5674
0.01487881,11.58239
0.01458701,11.59607
0.01441943,11.61005
0.01412222,11.62453
0.01382773,11.64023
0.01355068,11.65288
0.01328499,11.66564
0.01302872,11.68067
0.01293243,11.69383
0.01286795,11.70724
0.01288699,11.72187
0.0129326,11.73472
0.01299814,11.7495
0.01290197,11.76407
0.01279142,11.7788
0.01269224,11.7922
0.01259242,11.80583
0.0125617,11.82458
0.01254463,11.83536
0.01253821,11.8465
0.0124323,11.8618
0.01231612,11.87626
0.01208073,11.88921
0.01181232,11.90179
0.01149925,11.91635
0.01125675,11.93037
0.01100681,11.94452
0.01043065,11.95878
0.009770503,11.97154
0.008952493,11.98607
0.008161237,12.00024
0.00748929,12.01331
0.006908704,12.02793
0.006762609,12.04446
0.006839399,12.05747
0.007033216,12.06966
0.007354293,12.08418
0.007318197,12.09711
0.007319825,12.11214
0.007160759,12.12637
0.007005253,12.13929
0.006850374,12.15341
0.006699775,12.16746
0.006552521,12.18091
0.006510466,12.19659
0.006475322,12.21013
0.006754762,12.22518
0.007079368,12.23744
0.007436634,12.25473
0.007736288,12.26491
0.008037359,12.27877
0.008287032,12.2932
0.00853892,12.30657
0.008791146,12.32148
0.009053737,12.33533
0.009328038,12.347
0.009849926,12.36221
0.01041388,12.37599
0.0125876,12.39012
0.01546591,12.40338
0.0188102,12.41792
0.02271703,12.43157
0.02704278,12.446
0.0307637,12.46243
0.03466119,12.47479
0.03801133,12.4891
0.04142553,12.50173
0.04485247,12.51628
0.04555499,12.52976
0.04645037,12.54339
0.04619274,12.55903
0.04611592,12.57029
0.04614248,12.58517
0.04540569,12.59884
0.0446258,12.61324
0.04339955,12.62774
0.04193311,12.64237
0.04034984,12.65499
0.03806026,12.67031
0.03560609,12.68355
0.03398827,12.69605
0.03246209,12.71006
0.03145586,12.7244
0.03055024,12.73723
0.02971334,12.75102
0.02887903,12.76588
0.02807608,12.77978
0.02730239,12.79365
0.02653975,12.80671
0.02578354,12.82135
0.02442219,12.83575
0.023016,12.84916
0.02181994,12.86403
0.02062333,12.88055
0.01975354,12.89205
0.01896928,12.9046
0.01820037,12.92014
0.01747471,12.93331
0.016757,12.94814
0.01649723,12.96249
0.01629034,12.97457
0.01596836,12.98965
0.0156443,13.00332
0.01531332,13.01815
0.0149534,13.03152
0.01458434,13.04576
0.01433601,13.06092
0.01410802,13.07306
0.01389568,13.08996
0.01429744,13.10153
0.0147759,13.11563
0.01560673,13.13062
0.01682989,13.14258
0.01835647,13.15688
0.01975215,13.17024
0.02123888,13.18386
0.02198654,13.19904
0.02268284,13.21211
0.02222283,13.22743
0.02173134,13.24079
0.02097562,13.25502
0.01836595,13.26795
0.01517766,13.28336
0.01270017,13.29908
0.01035556,13.30978
0.008294552,13.32443
0.007897121,13.33745
0.007529331,13.35101
0.007419479,13.3664
0.007320469,13.37955
0.007345726,13.39346
0.00742516,13.40726
0.007547144,13.42072
0.00769839,13.43517
0.007847508,13.4488
0.007934401,13.46317
0.008007217,13.47628
0.008089053,13.49002
0.008278762,13.50721
0.008628437,13.51885
0.008809425,13.53218
0.008965543,13.54629
0.009158357,13.56186
0.009375179,13.57442
0.009626435,13.58858
0.01007883,13.6022
0.01068106,13.61679
0.01169377,13.63111
0.01287211,13.64409
0.01422857,13.65857
0.01471686,13.67175
0.01527251,13.68591
0.01513651,13.70096
0.01497702,13.71773
0.01487001,13.72922
0.01476379,13.7417
0.01466784,13.75544
0.01495615,13.76937
0.01527838,13.78341
0.01519247,13.79772
0.01508524,13.81083
0.01494434,13.82668
0.01529576,13.83913
0.01572696,13.85311
0.01607968,13.86731
0.01646531,13.88194
0.01696661,13.8955
0.01752775,13.90773
0.01814094,13.92565
0.01804262,13.93729
0.01785367,13.95117
0.01723209,13.9658
0.01651464,13.97877
0.01560024,13.9927
0.01458915,14.00802
0.01347514,14.02145
0.01262155,14.03648
0.01179767,14.04935
0.01113949,14.06303
0.0105331,14.07524
0.009962445,14.08898
0.009579767,14.10398
0.009272967,14.11801
0.009177828,14.13539
0.009176574,14.14458
0.009240876,14.15863
0.009829898,14.17182
0.01049136,14.18888
0.01136903,14.20321
0.01228534,14.21421
0.01275571,14.22812
0.01317022,14.24257
0.0135504,14.25603
0.0143697,14.26966
0.01522395,14.28442
0.01539097,14.29934
0.01550145,14.31143
0.0155683,14.32661
0.01569613,14.34354
0.01580884,14.35454
0.01580535,14.37035
0.0157878,14.38249
0.01561598,14.39669
0.01533736,14.40888
0.01496862,14.42277
0.01492534,14.43791
0.01489866,14.45142
0.01484169,14.46651
0.01479476,14.47857
0.01475738,14.49228
0.0148171,14.50713
0.01488853,14.52057
0.01502843,14.53638
0.01518441,14.55483
0.01535294,14.56543
0.01531995,14.57696
0.01527684,14.59345
0.01511777,14.60464
0.01492511,14.62002
0.01469613,14.63376
0.01447083,14.64596
0.01426059,14.66193
0.01382731,14.6741
0.01337001,14.68804
0.01300469,14.70333
0.0126556,14.71569
0.01232422,14.72994
0.01204054,14.74355
0.01173854,14.76288
0.01143042,14.77177
0.01106942,14.78601
0.01064385,14.80044
0.01021648,14.81262
0.009774457,14.82709
0.009157749,14.84109
0.008516339,14.85552
0.008006726,14.87051
0.007524333,14.88381
0.007065518,14.89863
0.006689989,14.90975
0.006336676,14.92349
0.006078923,14.93977
0.005824535,14.95202
0.005630831,14.9698
0.005457009,14.98006
0.005302096,14.99482
0.005224906,15.00814
0.005134867,15.02295
0.005076275,15.03711
0.005018989,15.0507
0.004981364,15.06542
0.004959599,15.0784
0.00498097,15.09286
0.005019916,15.10784
0.005057449,15.12243
0.005094789,15.1356
0.005132157,15.1476
0.005177536,15.16258
0.005224742,15.179
0.005333501,15.19057
0.005459132,15.20342
0.005565363,15.21709
0.005678711,15.23127
0.005797151,15.24452
0.005899783,15.25986
0.005999572,15.27348
0.00625576,15.28642
0.006533965,15.30072
0.006835395,15.31364
0.006987618,15.32786
0.007158381,15.34145
0.007346792,15.35615
0.007549725,15.37028
0.007606082,15.38888
0.007640323,15.40058
0.007659195,15.41241
0.007457917,15.42724
0.007254789,15.44057
0.007090805,15.45388
0.006915902,15.46823
0.006714299,15.48124
0.006499411,15.49533
0.00627586,15.50862
0.006081536,15.52408
0.005891915,15.53837
0.005802502,15.55093
0.005728413,15.56658
0.005666599,15.57917
0.005597931,15.59541
0.005544091,15.60819
0.005580469,15.62225
0.005656004,15.63565
0.005774892,15.64823
0.005832614,15.66284
0.005907497,15.67685
0.005901391,15.69075
0.005879102,15.70591
0.005842159,15.71862
0.005791815,15.73331
0.005731874,15.74614
0.005693389,15.76047
0.005656742,15.77553
0.005666127,15.7897
0.005686088,15.80691
0.005715169,15.81756
0.005802905,15.82959
0.005899704,15.84423
0.005969744,15.85851
0.006043296,15.873
0.006123562,15.88567
0.006210732,15.90035
0.0063017,15.91357
0.006369251,15.92854
0.006431431,15.94233
0.006422119,15.95791
0.006396521,15.97009
0.006360322,15.98265
0.006329091,15.99719
0.00629385,16.01365
0.006240275,16.02677
0.006180846,16.03922
0.006117248,16.05256
0.006049074,16.06832
0.005976863,16.08059
0.005936691,16.09563
0.005900871,16.10878
0.005870621,16.12349
0.005843944,16.13745
0.005820219,16.15017
0.005838179,16.16556
0.005872127,16.17797
0.006056853,16.19243
0.006336228,16.20732
0.006613109,16.22466
0.006938362,16.23454
0.007305244,16.24755
0.008186307,16.26169
0.00922587,16.27705
0.00982397,16.29052
0.01037536,16.30523
0.01089577,16.31828
0.01092242,16.3316
0.01092427,16.34591
0.01128829,16.36079
0.01166976,16.37512
0.01206211,16.38823
0.01266978,16.40217
0.01333141,16.41553
0.01385266,16.4332
0.01445127,16.44442
0.01532042,16.45732
0.01620178,16.47352
0.01708614,16.48468
0.01750724,16.49835
0.01784356,16.51225
0.01852311,16.5271
0.01926452,16.54145
0.02009699,16.55477
0.02064062,16.56897
0.02127209,16.58289
0.02153068,16.59598
0.02170442,16.61032
0.02157621,16.62436
0.02131344,16.64334
0.02094246,16.6527
0.02051034,16.66622
0.02004976,16.67994
0.01932163,16.69495
0.01858747,16.70971
0.01783467,16.72323
0.01728476,16.73749
0.01675371,16.7498
0.0165169,16.76246
0.01631295,16.77793
0.01615348,16.79074
0.01600162,16.80643
0.01585529,16.8192
0.01563459,16.83313
0.01540252,16.85103
0.01496653,16.86245
0.01448189,16.87511
0.01394611,16.88903
0.01333555,16.90414
0.01269154,16.91706
0.01190375,16.93202
0.01107879,16.9455
0.01029175,16.96028
0.009511244,16.97422
0.00875145,16.98734
0.008234793,17.00183
0.007759989,17.01372
0.007430905,17.02813
0.007136685,17.04273
0.006865877,17.05984
0.006679081,17.07104
0.006505657,17.08294
0.006425373,17.09736
0.006361832,17.11036
0.006306969,17.12523
0.006259979,17.13909
0.006218763,17.15211
0.006213244,17.1667
0.006208324,17.18207
0.006214603,17.19797
0.006246008,17.21079
0.006306201,17.22349
0.006584838,17.23785
0.006971533,17.24986
0.008353731,17.26853
0.01009998,17.27913
0.01205178,17.29269
0.01408665,17.30642
0.0161187,17.3206
0.01696762,17.33434
0.01779028,17.34826
0.01785174,17.36239
0.01792624,17.37749
0.01801877,17.38921
0.01814606,17.40369
0.01827249,17.41713
0.0183586,17.43279
0.01844322,17.44683
0.01856426,17.46095
0.01869043,17.4787
0.01882382,17.48735
0.01881986,17.50114
0.01880688,17.51554
0.0187529,17.52971
0.01869309,17.54472
0.0186221,17.56019
0.01857069,17.57447
0.01851179,17.58628
0.01846639,17.602
0.01842203,17.61744
0.01838042,17.62913
0.01835166,17.64035
0.01832877,17.65381
0.01833455,17.66629
0.01835626,17.6848
0.01838517,17.69601
0.01843183,17.709
0.0184959,17.72264
0.01856093,17.73681
0.0186395,17.74961
0.01873558,17.76436
0.01885084,17.77879
0.01898477,17.79202
0.0190415,17.80724
0.01909173,17.8201
0.01926181,17.83469
0.01945457,17.84816
0.01970972,17.86218
0.01998231,17.87722
0.02029254,17.89403
0.02068818,17.90509
0.02111676,17.91792
0.02152729,17.93154
0.02195217,17.94661
0.02239201,17.95993
0.02265588,17.97403
0.02286567,17.98821
0.02276493,18.00086
0.02257622,18.01558
0.02220839,18.02927
0.02177205,18.04515
0.02127867,18.05744
0.02056865,18.07282
0.01981074,18.08631
0.0190863,18.10381
0.01835713,18.116
0.01762838,18.12775
0.01705877,18.14164
0.01650091,18.1556
0.01605532,18.16989
0.01563661,18.18351
0.01538318,18.19765
0.01518193,18.21231
0.0150203,18.22497
0.01479251,18.23932
0.01457757,18.25323
0.01443138,18.26825
0.01431724,18.28467
0.01422919,18.29668
0.01414618,18.3129
0.01408577,18.32326
0.01394662,18.33733
0.0138174,18.34947
0.01373766,18.36405
0.01367444,18.37829
0.01362553,18.39186
0.01362684,18.40572
0.01364326,18.41959
0.0136245,18.4354
0.01359944,18.44808
0.01356154,18.46087
0.01348361,18.47557
0.01338459,18.48829
0.013202,18.50245
0.01300766,18.52135
0.01261368,18.53205
0.0122183,18.54617
0.0118723,18.56212
0.01125949,18.5766
0.01084548,18.58896
0.01079918,18.60049
0.01111652,18.61404
0.01105048,18.62724
0.01174016,18.64213
0.01255013,18.65445
0.01306466,18.66892
0.01354778,18.68347
0.01378828,18.69711
0.01400331,18.71161
0.01420231,18.72892
0.01421209,18.73905
0.01428406,18.75321
0.01434617,18.76854
0.01445826,18.78229
0.01461044,18.79461
0.01483827,18.80859
0.01509647,18.82239
0.01528926,18.83627
0.01555281,18.85079
0.01577305,18.86521
0.01600324,18.87902
0.01624112,18.89197
0.01638508,18.90759
0.01655811,18.92046
0.01671572,18.93838
0.01691111,18.94915
0.01711063,18.96235
0.01717556,18.97698
0.01724339,18.98989
0.01731507,19.00402
0.01737978,19.01883
0.01744406,19.03356
0.01750681,19.0471
0.01762357,19.05976
0.01775862,19.07454
0.01789168,19.08795
0.01803708,19.10226
0.01817853,19.11656
0.01832998,19.12925
0.01848245,19.14724
0.01846799,19.15751
0.01838263,19.171
0.01801634,19.18659
0.01770599,19.20052
0.01758251,19.2141
0.01735824,19.22707
0.01734147,19.24139
0.01801747,19.25515
0.01921309,19.26887
0.02115242,19.28346
0.02342799,19.29742
0.02593799,19.31152
0.02740176,19.32492
0.02902315,19.3385
0.02997812,19.35763
0.03103498,19.36813
0.03211109,19.38111
0.03217333,19.39398
0.03231137,19.40843
0.03163846,19.42172
0.0307731,19.43569
0.0298551,19.44998
0.02913688,19.46347
0.02844359,19.47765
0.02801037,19.49087
0.02757409,19.50556
0.02722776,19.51944
0.02690685,19.53345
0.02660429,19.54754
0.02640714,19.56504
0.02622762,19.57584
0.02603637,19.58908
0.02585507,19.60377
0.02568134,19.61847
0.02567354,19.63095
0.02568707,19.64552
0.02549289,19.65888
0.02528275,19.67221
0.02483007,19.68736
0.02437552,19.70189
0.02389312,19.71572
0.02334389,19.7284
0.02279569,19.74325
0.02228938,19.7567
0.02179924,19.77439
0.02133493,19.78546
0.02096423,19.79812
0.02064111,19.81178
0.02048269,19.82567
0.02038365,19.8394
0.020321,19.85425
0.02029379,19.86803
0.02029861,19.88221
0.02037906,19.89551
0.02048323,19.91015
0.02057378,19.92375
0.02067427,19.9379
0.02078432,19.95196
0.02077711,19.96554
0.02076724,19.98318
0.02072032,19.99368
0.02066932,20.0071
0.02050557,20.02195
0.02033142,20.03583
0.02012297,20.04954
0.0197916,20.06356
0.01935887,20.07838
0.01901654,20.09124
0.01883064,20.10565
0.01886521,20.11929
0.01884105,20.1318
0.01888389,20.14627
0.01894455,20.15978
0.01900592,20.17357
0.01913187,20.1925
0.01928159,20.20308
0.01946254,20.21667
0.01988672,20.22929
0.02041928,20.2439
0.02093993,20.25781
0.02168313,20.27169
0.0226693,20.28585
0.02367876,20.29877
0.02485619,20.31337
0.02602367,20.32686
0.02721391,20.34069
0.0281307,20.35548
0.02900095,20.36852
0.02984848,20.3833
0.03050604,20.40057
0.03114877,20.4117
0.03163137,20.42519
0.03208819,20.43964
0.0325368,20.4528
0.03286338,20.4661
0.03316724,20.47998
0.03350855,20.49411
0.03384698,20.50764
0.03427187,20.52288
0.03471603,20.53624
0.03517803,20.55094
0.03562002,20.56398
0.03606422,20.57835
0.0364514,20.59161
0.03682759,20.60957
0.0371969,20.62095
0.03745857,20.63344
0.03771184,20.64697
0.03786933,20.66114
0.03801464,20.67493
0.03811314,20.68992
0.03819655,20.70325
0.03826802,20.71778
0.03833573,20.73232
0.03839837,20.74562
0.03845178,20.75927
0.03850134,20.77319
0.03854837,20.78651
0.03863391,20.79982
0.03872468,20.81725
0.03883502,20.82817
0.03895932,20.84168
0.03902839,20.85611
0.03909186,20.86952
0.03915147,20.88402
0.03924648,20.89768
0.03934623,20.91178
0.03931447,20.92582
0.03925436,20.93979
0.03917007,20.95377
0.03910941,20.96684
0.03904035,20.98116
0.03898821,20.99501
0.03893434,21.00881
0.03887922,21.02908
0.03889288,21.03763
0.03891779,21.05131
0.03898569,21.06479
0.03907246,21.0787
0.03914116,21.09274
0.03921565,21.10723
0.03929569,21.12244
0.03932038,21.13459
0.03934282,21.14806
0.039316,21.16231
0.03925262,21.17619
0.03915778,21.19041
0.03897669,21.20381
0.03876873,21.21824
0.03862125,21.23578
0.03847559,21.24674
0.03837362,21.26037
0.03827164,21.2755
0.03816291,21.28862
0.03810563,21.30164
0.03804781,21.31549
0.03802042,21.3291
0.03799903,21.34356
0.03799985,21.35795
0.03798911,21.3709
0.03798251,21.38617
0.03807774,21.39943
0.03819265,21.41327
0.03825242,21.42812
0.03830005,21.44678
0.03833409,21.4571
0.03826412,21.4685
0.03816219,21.48302
0.03801262,21.49709
0.03784196,21.51171
0.03765559,21.52636
0.03737202,21.539
0.03708105,21.55247
0.0368119,21.56675
0.03655254,21.58079
0.03626246,21.59482
0.03595624,21.60786
0.03563679,21.62257
0.03537794,21.63644
0.03512573,21.65548
0.03489837,21.66393
0.03468315,21.67776
0.03447001,21.69239
0.03429586,21.70582
0.03412187,21.72022
0.03390886,21.7335
0.03368354,21.74737
0.03343987,21.76175
0.03318442,21.77706
0.03292039,21.79074
0.03262076,21.80293
0.03231443,21.81725
0.03201376,21.83088
0.03171693,21.84565
0.03142386,21.86337
0.03114346,21.87286
0.030876,21.88686
0.03061556,21.90062
0.03037182,21.91486
0.03012341,21.92898
0.0299163,21.94386
0.02974797,21.9579
0.02951581,21.97056
0.02919524,21.98525
0.02871124,21.99897
0.02817861,22.01238
0.02766176,22.02698
0.02733126,22.04084
0.02705154,22.05531
0.02701665,22.07272
0.02701781,22.0825
0.02715498,22.09696
0.02731418,22.11084
0.02748817,22.12465
0.02765296,22.13847
0.02784064,22.15175
0.02800052,22.16615
0.02816302,22.18123
0.02832976,22.19421
0.0284706,22.20723
0.02861311,22.22163
0.02873633,22.23519
0.02885569,22.24878
0.02898984,22.26396
0.02912607,22.28243
0.02926768,22.29221
0.02942639,22.30431
0.02959279,22.31958
0.02972994,22.33247
0.02986838,22.34646
0.03000789,22.36197
0.03004414,22.37412
0.03005146,22.38779
0.02986472,22.4016
0.02960931,22.41574
0.02913937,22.43055
0.02859715,22.44458
0.02801026,22.4584
0.0273022,22.4717
0.02658426,22.49011
0.02590945,22.5005
0.02521798,22.51533
0.02450082,22.52856
0.02381749,22.5415
0.02309624,22.55588
0.02240581,22.5689
0.02169876,22.58343
0.021107,22.59718
0.02052426,22.61072
0.01994881,22.6251
0.01941943,22.63872
0.01889747,22.65257
0.01850761,22.66752
0.01813077,22.68179
0.01777811,22.69996
0.01731259,22.70814
0.01685929,22.72341
0.01625907,22.736
0.01574163,22.74998
0.01533514,22.76537
0.01497531,22.7785
0.01473289,22.79268
0.01457358,22.80616
0.01448783,22.82069
0.01440512,22.83524
0.0143632,22.84792
0.01430984,22.86284
0.01426694,22.87486
0.01421977,22.88936
0.01418457,22.90741
0.01409442,22.91876
0.01401344,22.93151
0.01393679,22.94575
0.0139506,22.95978
0.01398092,22.97268
0.01409865,22.98745
0.01421886,23.00153
0.01435057,23.01563
0.01461431,23.02937
0.01489663,23.04283
0.0152527,23.0576
0.01565059,23.07011
0.01608045,23.08478
0.01647873,23.09914
0.01689279,23.11698
0.01724211,23.12691
0.0175898,23.14066
0.01789085,23.15436
0.01816854,23.16829
0.01844552,23.18282
0.01865015,23.19687
0.01886094,23.20927
0.01898693,23.22345
0.01916384,23.23743
0.01931828,23.25113
0.01950716,23.26619
0.01972691,23.28015
0.0199105,23.29383
0.020108,23.30699
0.0202159,23.32485
0.02032113,23.33624
0.02043334,23.34912
0.02034216,23.36345
0.02023372,23.37668
0.01981383,23.39161
0.01932082,23.40392
0.01849675,23.41805
0.01757358,23.43259
0.01659947,23.44678
0.01550518,23.46143
0.01435206,23.4749
0.01341147,23.48893
0.01247832,23.50304
0.01154721,23.51654
0.01096442,23.53805
0.01040473,23.54607
0.0100705,23.55951
0.01002932,23.57246
0.0108025,23.58608
0.01210042,23.60132
0.01374226,23.61314
0.01518333,23.62677
0.01665482,23.64069
0.01724547,23.65496
0.01775087,23.66878
0.01820577,23.68352
0.01799094,23.69778
0.01780021,23.70989
0.01755639,23.72435
0.01726777,23.74236
0.01691865,23.75402
0.01650022,23.7676
0.0160465,23.78038
0.01565715,23.79456
0.01528906,23.80767
0.01492313,23.82245
0.01457858,23.836
0.01425085,23.84963
0.01406551,23.8645
0.01390117,23.8776
0.01363047,23.89126
0.01336089,23.90506
0.01309446,23.91909
0.01285094,23.93288
0.0126208,23.95097
0.01244323,23.96075
0.01228697,23.97438
0.01208588,23.98822
0.01189807,24.00319
0.0117234,24.01695
0.011619,24.03091
0.01152556,24.0442
0.01137278,24.06025
0.01121706,24.07351
0.01107631,24.08675
0.01093704,24.10156
0.01080084,24.11484
0.01068996,24.12936
0.01058302,24.14259
0.01041164,24.16049
0.010234,24.17068
0.01005102,24.18385
0.009902302,24.1991
0.009756286,24.21148
0.009643195,24.22536
0.0095396,24.23899
0.009445323,24.253
0.009272207,24.26762
0.009094565,24.28081
0.00896088,24.29622
0.008831587,24.3087
0.008731845,24.32302
0.008633384,24.33749
0.008534307,24.35159
0.008497018,24.37038
0.008463765,24.38005
0.008359445,24.39311
0.008243678,24.40674
0.008119843,24.42151
0.008024314,24.43551
0.007930234,24.44824
0.007882827,24.46322
0.007863726,24.47661
0.007952434,24.48986
0.008090559,24.50484
0.008279401,24.51904
0.008395806,24.53345
0.008522432,24.55028
0.008678099,24.56454
0.008839106,24.578
0.009003065,24.58812
0.008976614,24.6022
0.008930922,24.61346
0.008838343,24.62742
0.008737417,24.6418
0.008587857,24.65544
0.008436852,24.66943
0.008293438,24.68394
0.008179511,24.69827
0.00808689,24.71174
0.008001693,24.72641
0.007939886,24.73999
0.007901656,24.75377
0.007963971,24.76799
0.00804772,24.78724
0.008152209,24.79656
0.008267612,24.80938
0.00839062,24.8236
0.008519163,24.8383
0.008695246,24.852
0.008759826,24.86643
0.008812963,24.88009
0.008867392,24.89452
0.008914502,24.90763
0.008955925,24.92296
0.008928331,24.93673
0.008888721,24.94896
0.008874745,24.96308
0.00885859,24.97706
0.008819159,24.99563
0.008774646,25.00668
0.008727247,25.02009
0.008707603,25.03374
0.008689447,25.0466
0.008660508,25.06016
0.008628908,25.07468
0.008594425,25.08875
0.008503789,25.10332
0.008396015,25.11588
0.008314763,25.12985
0.008231287,25.14459
0.008122026,25.15804
0.008003849,25.17251
0.00787839,25.18618
0.007782558,25.20595
0.007691349,25.2145
0.007622906,25.22763
0.007561913,25.24165
0.007507561,25.25673
0.00744618,25.27005
0.007387786,25.28312
0.007336368,25.29729
0.007289595,25.31074
0.007279727,25.32526
0.007279312,25.33976
0.007285255,25.3536
0.007294295,25.36799
0.007307784,25.38121
0.007306869,25.39478
0.007305797,25.41358
0.007304954,25.42545
0.007295761,25.43718
0.007285936,25.44987
0.007313539,25.4641
0.007347701,25.47803
0.007387074,25.4917
0.007379162,25.50623
0.007377591,25.52011
0.007366954,25.53419
0.007351831,25.54741
0.007354301,25.56318
0.00735889,25.57646
0.007365271,25.5899
0.007326763,25.60518
0.007276641,25.62412
0.007253444,25.6315
0.007234346,25.64427
0.007220192,25.65879
0.007179115,25.67266
0.007137719,25.68634
0.007081305,25.70059
0.007020609,25.71441
0.006951944,25.7288
0.006883213,25.7438
0.006811188,25.75808
0.00678661,25.77108
0.006764784,25.78387
0.006737472,25.79805
0.006711635,25.81182
0.006687892,25.83116
0.006662691,25.84093
0.006638211,25.85529
0.006653965,25.86863
0.006679567,25.88239
0.006709669,25.89531
0.006745945,25.90971
0.006786476,25.92483
0.006816534,25.94
0.006846216,25.95123
0.006894162,25.96522
0.006944614,25.9789
0.006997678,25.99295
0.007022627,26.00742
0.007047823,26.02111
0.007075844,26.04174
0.007103379,26.04911
0.007147488,26.0631
0.007199909,26.07705
0.007260415,26.09182
0.007328734,26.10536
0.007403573,26.11888
0.007463975,26.13258
0.007524082,26.1463
0.007585403,26.16034
0.007632582,26.17464
0.007679815,26.18753
0.00770874,26.20242
0.007735807,26.21646
0.007831452,26.22944
0.007954696,26.25066
0.008106327,26.26008
0.008235172,26.274
0.008374131,26.28502
0.008552284,26.30006
0.008745869,26.31362
0.008953998,26.32719
0.009097693,26.34191
0.009236204,26.35587
0.009330285,26.36938
0.009413312,26.3833
0.00948212,26.39736
0.009543261,26.41149
0.009598574,26.42579
0.009603093,26.43989
0.009598936,26.45765
0.009612264,26.46708
0.00962386,26.48041
0.009633887,26.49467
0.009626534,26.5098
0.009613951,26.52246
0.009590943,26.53618
0.009570162,26.54917
0.009551399,26.56377
0.009582649,26.57938
0.009624233,26.59172
0.009675849,26.60675
0.009740856,26.61975
0.009803054,26.63331
0.009881431,26.64735
0.009964671,26.66822
0.01021988,26.6762
0.01041502,26.68871
0.0106126,26.70299
0.0107862,26.71704
0.01094235,26.7308
0.0110841,26.74665
0.0112138,26.75917
0.01132875,26.77302
0.01147732,26.78678
0.01163087,26.80053
0.01179222,26.81525
0.011927,26.82928
0.01205912,26.84357
0.01219601,26.85638
0.01233257,26.87654
0.01245087,26.88598
0.01256342,26.89848
0.01267241,26.9122
0.01279342,26.92716
0.01291397,26.94111
0.01300009,26.95336
0.01307792,26.96745
0.01314898,26.98188
0.01321507,26.99544
0.01323953,27.00952
0.01323925,27.02231
0.01322812,27.03644
0.0132395,27.04971
0.01325179,27.0644
0.01326626,27.08459
0.01319619,27.0936
0.0131254,27.10701
0.01306536,27.12106
0.01299331,27.13435
0.01291038,27.14849
0.01281933,27.16209
0.0127355,27.17736
0.01271382,27.18914
0.01270824,27.20357
0.01272856,27.21708
0.01276013,27.23114
0.01280013,27.24553
0.01286793,27.26013
0.01294028,27.27436
0.01296162,27.29221
0.01298053,27.30172
0.01299871,27.31537
0.0131336,27.32889
0.01330569,27.34302
0.01334754,27.35551
0.01337335,27.36977
0.01338386,27.38363
0.01333372,27.39933
0.01325635,27.41259
0.01300547,27.42563
0.01269095,27.44018
0.01223812,27.45369
0.01173639,27.46742
0.01120918,27.48255
0.01065276,27.50322
0.0101017,27.51192
0.009608619,27.52372
0.009147014,27.53847
0.008751815,27.55153
0.00838193,27.56707
0.00803526,27.58076
0.007856624,27.59405
0.007700094,27.60836
0.007632447,27.62158
0.007585809,27.63583
0.007552385,27.64994
0.007553185,27.6642
0.007568709,27.67945
0.007559484,27.69154
0.00755031,27.71146
0.007583072,27.71966
0.007639125,27.73246
0.007717201,27.74717
0.007776648,27.76151
0.007844079,27.77479
0.007873056,27.78829
0.007895054,27.80271
0.007911911,27.81692
0.007904373,27.83287
0.00789024,27.84578
0.007843675,27.85778
0.007793777,27.87189
0.007743576,27.88613
0.007707319,27.90006
0.007663763,27.91912
0.007581048,27.92825
0.007485122,27.94272
0.007423901,27.95572
0.007365715,27.96876
0.007310445,27.98376
0.007279765,27.99846
0.00725872,28.01242
0.007231707,28.02557
0.00720939,28.03957
0.007190932,28.05339
0.00713816,28.06701
0.007076136,28.08219
0.007053418,28.09448
0.007030235,28.10893
0.007035017,28.12851
0.007045928,28.13713
0.007069778,28.15062
0.007105031,28.16421
0.00714769,28.17879
0.007149305,28.19133
0.007144599,28.20576
0.007134673,28.21944
0.007147644,28.23384
0.00716762,28.24899
0.007169364,28.26156
0.007170903,28.27588
0.0071772,28.28946
0.007182725,28.30333
0.007188706,28.31829
0.007214592,28.3391
0.007246474,28.34687
0.007286232,28.35969
0.007331701,28.37341
0.007383035,28.38772
0.007562255,28.4019
0.007778499,28.41643
0.007835043,28.42958
0.007867183,28.44378
0.007801373,28.45724
0.007703915,28.47103
0.007582895,28.48574
0.007470928,28.4997
0.007319584,28.51349
0.007103099,28.52674
0.006853138,28.5463
0.006580914,28.55604
0.006380942,28.56921
0.006193751,28.58329
0.006009936,28.59653
0.005836916,28.61055
0.005668377,28.62477
0.005508454,28.6381
0.005355772,28.65314
0.005277346,28.66681
0.005210607,28.68111
0.005145172,28.69451
0.005082485,28.70806
0.005020452,28.72162
0.004978037,28.73598
0.004938425,28.7558
0.004860654,28.7662
0.004776938,28.7781
0.004718078,28.79223
0.004662304,28.80504
0.004609125,28.81947
0.004600429,28.83281
0.004604411,28.84747
0.004722067,28.86023
0.004905649,28.87409
0.005154302,28.88831
0.006272304,28.90305
0.007731237,28.91722
0.009009309,28.9302
0.01031534,28.9444
0.01175745,28.9635
0.01321883,28.97278
0.01468374,28.98652
0.01512213,29.00236
0.01553933,29.01493
0.01568053,29.0274
0.01581174,29.04207
0.01594635,29.056
0.01599241,29.0703
0.01609229,29.08489
0.01616069,29.09719
0.0162448,29.11071
0.0163077,29.12489
0.01617174,29.13859
0.01598966,29.15312
0.01575066,29.17414
0.015507,29.18232
0.01524346,29.19491
0.01497624,29.20975
0.0147069,29.22297
0.01443258,29.23707
0.01414834,29.25148
0.013914,29.26421
0.0136852,29.27859
0.01346111,29.29216
0.01329809,29.30646
0.01314542,29.32085
0.01305483,29.33474
0.01296815,29.34886
0.01287084,29.36192
0.01277155,29.38139
0.01266687,29.39044
0.01257294,29.40467
0.01247821,29.41866
0.01245152,29.43148
0.01246122,29.44562
0.01250544,29.45954
0.0125157,29.47296
0.01253361,29.48791
0.01261904,29.50248
0.01271763,29.5161
0.01274985,29.52898
0.01276942,29.54357
0.01277885,29.55767
0.01276475,29.5716
0.01274035,29.59141
0.01275816,29.60061
0.01278417,29.61363
0.01281768,29.62672
0.01285929,29.64047
0.01290658,29.65564
0.01297362,29.66883
0.01304702,29.68318
0.01313519,29.6965
0.0132354,29.71076
0.01334871,29.72522
0.01340524,29.73994
0.01345578,29.75371
0.01354616,29.76632
0.01364551,29.78097
0.01375639,29.80173
0.01374793,29.80871
0.01372498,29.82236
0.01370011,29.83652
0.01364778,29.85022
0.01345772,29.87267
0.01338983,29.89237
0.01334743,29.9063
0.01331298,29.91997
0.01331279,29.93284
0.01323959,29.9469
0.01314098,29.96036
0.01285061,29.9745
0.01260843,29.98868
0.01249098,30.01101
0.01263879,30.01746
0.01288288,30.02996
0.01322419,30.04387
0.0136371,30.05814
0.01413345,30.07089
0.01466666,30.08594
0.01521773,30.09928
0.0157898,30.1132
0.01637595,30.12719
0.01679894,30.14114
0.01723573,30.15518
0.0176307,30.16841
0.01803383,30.1828
0.01844633,30.19671
0.01868669,30.21589
0.01894165,30.22671
0.01884295,30.23946
0.01875468,30.25282
0.01853705,30.26589
0.01833174,30.28012
0.01806334,30.29292
0.01777347,30.30737
0.01746895,30.32144
0.0171042,30.33505
0.0165572,30.34927
0.01609713,30.36293
0.01560051,30.37625
0.01489504,30.39083
0.01417848,30.40472
0.01325185,30.42623
0.01246565,30.43266
0.01146046,30.44673
0.01054383,30.45993
0.009714682,30.4739
0.009259257,30.48769
0.008876056,30.50119
0.008583731,30.51567
0.008333808,30.52915
0.008114739,30.54311
0.008000095,30.55732
0.00790887,30.57131
0.007913054,30.58636
0.007926774,30.59962
0.007944592,30.61469
0.007964555,30.63398
0.008004342,30.64312
0.008026646,30.6566
0.008046712,30.66964
0.008061078,30.68427
0.00808328,30.69855
0.008116362,30.71104
0.008201688,30.72597
0.008319205,30.74058
0.008410262,30.75476
0.008510066,30.76773
0.008617749,30.78395
0.009126064,30.7962
0.00982162,30.8101
0.01046883,30.82436
0.01119332,30.84275
0.01186991,30.85137
0.01257733,30.86478
0.01330757,30.8786
0.01375387,30.89289
0.01417863,30.9082
0.01438173,30.92138
0.01456216,30.93448
0.01471657,30.94847
0.01459271,30.96209
0.01442433,30.9763
0.01404913,30.99089
0.01363213,31.00352
0.01326284,31.01783
0.01285442,31.03134
0.01242323,31.0515
0.01197339,31.06092
0.01152198,31.07426
0.01113836,31.08841
0.01077783,31.10154
0.01043806,31.11583
0.01013796,31.12958
0.009843581,31.1439
0.009583145,31.15876
0.009329717,31.17238
0.009088906,31.18624
0.008852209,31.19876
0.008620851,31.21225
0.008341521,31.22747
0.008054903,31.24169
0.007855861,31.26234
0.007666742,31.27639
0.007492552,31.28338
0.007380584,31.297
0.007280225,31.31116
0.007187963,31.32553
0.007104055,31.33812
0.00703022,31.35285
0.006888092,31.36639
0.006736016,31.37958
0.006632113,31.39382
0.006543817,31.40779
0.006383799,31.4225
0.006219971,31.43588
0.006054786,31.44947
0.005938062,31.46931
0.005826776,31.47787
0.005767946,31.4915
0.005718218,31.50497
0.005673484,31.51894
0.005629002,31.53233
0.005583291,31.5469
0.005518625,31.56151
0.005455284,31.57501
0.005417362,31.58915
0.005383146,31.60291
0.005341095,31.61687
0.005228028,31.63165
0.005155007,31.64471
0.005095324,31.65906
0.005066271,31.67968
0.00507342,31.68647
0.005121397,31.69993
0.005181474,31.71302
0.005209111,31.7282
0.005231114,31.7424
0.005241884,31.75662
0.005249111,31.76909
0.005259028,31.78396
0.005242642,31.7973
0.005237517,31.81116
0.005254018,31.82596
0.005288661,31.83859
0.005339781,31.85297
0.00539648,31.86727
0.005458739,31.88877
0.005485443,31.89552
0.005508079,31.90847
0.005539898,31.92388
0.005570477,31.93629
0.00560001,31.94959
0.005633531,31.96496
0.00566475,31.97928
0.005742765,31.99293
0.005831954,32.00594
0.005931707,32.02048
0.00608091,32.03411
0.006242544,32.04763
0.006645765,32.06268
0.007162073,32.07634
0.008079736,32.09578
0.009255901,32.10397
0.01060902,32.11829
0.01362159,32.13169
0.01684057,32.1455
0.0210028,32.1612
0.02511103,32.17413
0.02911785,32.18738
0.03242541,32.20118
0.03572278,32.21524
0.03817293,32.22971
0.04057187,32.24384
0.04213123,32.25784
0.04363636,32.27134
0.04507177,32.28577
0.04598541,32.30518
0.04690101,32.31409
0.04776546,32.32724
0.04854715,32.34053
0.04925831,32.35455
0.04977562,32.36817
0.0502652,32.3824
0.05057648,32.39727
0.05087859,32.41016
0.05099435,32.42502
0.05110333,32.43846
0.05120857,32.45233
0.05108106,32.46649
0.05093518,32.48084
0.05081093,32.49505
0.05067494,32.5156
0.05053291,32.52266
0.05031841,32.53564
0.05009939,32.54953
0.04994464,32.56463
0.04979834,32.57791
0.04966565,32.5926
0.04953734,32.60577
0.04941176,32.62073
0.04933792,32.63387
0.04926952,32.64788
0.04923637,32.66222
0.04921024,32.67499
0.04918908,32.68951
0.04922095,32.70313
0.0492622,32.72409
0.04932576,32.73237
0.04939483,32.74625
0.04945363,32.76127
0.04951165,32.77304
0.04956872,32.78772
0.04961092,32.80055
0.04965141,32.81461
0.04965446,32.82849
0.0496508,32.84207
0.04964222,32.85618
0.04961709,32.86998
0.04958981,32.88452
0.0495581,32.89931
0.04952524,32.91286
0.04947684,32.93285
0.04942839,32.94032
0.04937831,32.95422
0.0493058,32.96812
0.0492302,32.98236
0.0491758,32.99602
0.04912406,33.0094
0.04907379,33.02382
0.04900969,33.038
0.04894461,33.05169
0.04890382,33.06745
0.04886634,33.08023
0.04883263,33.094
0.04880089,33.10723
0.04877069,33.12141
0.04873189,33.1413
0.0486916,33.14946
0.04864277,33.16321
0.04859086,33.17656
0.04853661,33.19133
0.04852767,33.20486
0.04852498,33.21874
0.04854162,33.23288
0.04856623,33.24695
0.04860851,33.26091
0.04865922,33.27438
0.04871618,33.28827
0.04876384,33.30257
0.0487989,33.3166
0.04827884,33.33038
0.04762264,33.35046
0.04694345,33.35817
0.04439932,33.37194
0.04205592,33.38654
0.03873896,33.40023
0.03612394,33.4137
0.03460289,33.42776
0.03373931,33.44334
0.03352532,33.45575
0.03416586,33.46944
0.0354889,33.48379
0.03672096,33.49775
0.0383396,33.5109
0.04028419,33.52525
0.04201734,33.53928
0.04398883,33.55899
0.0454667,33.56799
0.0473806,33.58118
0.0495741,33.59531
0.05088225,33.6082
0.05244863,33.62246
0.05417153,33.63764
0.05598764,33.64994
0.05746368,33.66449
0.05895302,33.67844
0.06046205,33.69259
0.06103465,33.70639
0.06168777,33.72084
0.06162767,33.73513
0.06149375,33.74832
0.0610965,33.76935
0.06061587,33.77641
0.06008588,33.79037
0.05909935,33.80437
0.05811943,33.81794
0.05730482,33.83223
0.05655053,33.84518
0.05585932,33.86039
0.05516521,33.87326
0.05451956,33.88751
0.05400361,33.90174
0.05354437,33.91549
0.05313637,33.92956
0.05284546,33.94334
0.05257292,33.95634
0.052298,33.97948
0.05202025,33.98689
0.05180502,33.99975
0.05161018,34.0117
0.05143838,34.0257
0.05147233,34.03967
0.05154396,34.05341
0.05176869,34.06801
0.05202306,34.08185
0.0522988,34.09487
0.05264461,34.10842
0.05292246,34.12298
0.05316077,34.13805
0.0533928,34.15063
0.05362457,34.1655
0.05390034,34.21096
0.05400807,34.22393
0.05394003,34.23729
0.05394003,34.24776
