Time,Dist4_8,Dist12_0,Dist16_0,Dist20_0
0,0.5814857,0.9954391,0.9295832,0.7991331
0.02,0.5814857,0.9954391,0.9295832,0.7991331
0.04,0.5814857,0.9954391,0.9295832,0.7991331
0.0950629,0.5814857,0.9954391,0.9295832,0.7991331
0.114746,0.5814857,0.9954391,0.9295832,0.7991331
0.121034,0.5814857,0.9954391,0.9295832,0.7991331
0.1363684,0.5814857,0.9954391,0.9295832,0.7991331
0.1483868,0.5814857,0.9954391,0.9295832,0.7991331
0.1674004,0.5814857,0.9954391,0.9295832,0.7991331
0.1758899,0.5814857,0.9954391,0.9295832,0.7991331
0.1904274,0.5814857,0.9954391,0.9295832,0.7991331
0.2054319,0.5814857,0.9954391,0.9295832,0.7991331
0.219289,0.5814857,0.9954391,0.9295832,0.7991331
0.2337753,0.5814857,0.9954391,0.9295832,0.7991331
0.2464024,0.5814857,0.9954391,0.9295832,0.7991331
0.2601148,0.5814857,0.9954391,0.9295832,0.7991331
0.2740455,0.5814857,0.9954391,0.9295832,0.7991331
0.2880424,0.5814857,0.9954391,0.9295832,0.7991331
0.3030056,0.5814857,0.9954391,0.9295832,0.7991331
0.3170536,0.5814857,0.9954391,0.9295832,0.7991331
0.3291085,0.5814857,0.9954391,0.9295832,0.7991331
0.3430423,0.5814857,0.9954391,0.9295832,0.7991331
0.3570237,0.5814857,0.9954391,0.9295832,0.7991331
0.3703314,0.5814857,0.9954391,0.9295832,0.7991331
0.3836336,0.5814857,0.9954391,0.9295832,0.7991331
0.3978315,0.5814857,0.9954391,0.9295832,0.7991331
0.4129473,0.5814857,0.9954391,0.9295832,0.7991331
0.4264033,0.5814857,0.9954391,0.9295832,0.7991331
0.4392067,0.5814857,0.9954391,0.9295832,0.7991331
0.4528873,0.5814857,0.9954391,0.9295832,0.7991331
0.4667386,0.5814857,0.9954391,0.9295832,0.7991331
0.4809196,0.5814857,0.9954391,0.9295832,0.7991331
0.4948825,0.5814857,0.9954391,0.9295832,0.7991331
0.5101473,0.5814857,0.9954391,0.9295832,0.7991331
0.5235218,0.5814857,0.9954391,0.9295832,0.7991331
0.5368921,0.5814857,0.9954391,0.9295832,0.7991331
0.5507038,0.5814857,0.9954391,0.9295832,0.7991331
0.5665272,0.5814857,0.9954391,0.9295832,0.7991331
0.5795227,0.5814857,0.9954391,0.9295832,0.7991331
0.5934737,0.5814857,0.9954391,0.9295832,0.7991331
0.6067892,0.5814857,0.9954391,0.9295832,0.7991331
0.6215131,0.5814857,0.9954391,0.9295832,0.7991331
0.635653,0.5814857,0.9954391,0.9295832,0.7991331
0.6493542,0.5814857,0.9954391,0.9295832,0.7991331
0.6631538,0.5814857,0.9954391,0.9295832,0.7991331
0.6797843,0.5814857,0.9954391,0.9295832,0.7991331
0.6916117,0.5814857,0.9954391,0.9295832,0.7991331
0.9693264,0.5814857,0.9954391,0.9295832,0.7991331
1.168958,0.5814857,0.9954391,0.9295832,0.7991331
1.255365,0.5814857,0.9954391,0.9295832,0.7991331
1.321838,0.5814857,0.9954391,0.9295832,0.7991331
1.390424,0.5814857,0.9954391,0.9295832,0.7991331
1.444565,0.5814857,0.9954391,0.9295832,0.7991331
1.46974,0.5814857,0.9954391,0.9295832,0.7991331
1.493987,0.5814857,0.9954391,0.9295832,0.7991331
1.505594,0.5814857,0.9954391,0.9295832,0.7991331
1.519401,0.5814857,0.9954391,0.9295832,0.7991331
1.533969,0.5814857,0.9954391,0.9295832,0.7991331
1.548715,0.5814857,0.9954391,0.9295832,0.7991331
1.562534,0.5814857,0.9954391,0.9295832,0.7991331
1.575101,0.5814857,0.9954391,0.9295832,0.7991331
1.589175,0.5814857,0.9954391,0.9295832,0.7991331
1.603776,0.5814857,0.9954391,0.9295832,0.7991331
1.617623,0.5814857,0.9954391,0.9295832,0.7991331
1.631354,0.5814857,0.9954391,0.9295832,0.7991331
1.646769,0.5814857,0.9954391,0.9295832,0.7991331
1.660061,0.5814857,0.9954391,0.9295832,0.7991331
1.674945,0.5814857,0.9954391,0.9295832,0.7991331
1.688115,0.5814857,0.9954391,0.9295832,0.7991331
1.702548,0.5814857,0.9954391,0.9295832,0.7991331
1.715722,0.5814857,0.9954391,0.9295832,0.7991331
1.729316,0.5814857,0.9954391,0.9295832,0.7991331
1.74253,0.5814857,0.9954391,0.9295832,0.7991331
1.757409,0.5814857,0.9954391,0.9295832,0.7991331
1.77156,0.5814857,0.9954391,0.9295832,0.7991331
1.784835,0.5814857,0.9954391,0.9295832,0.7991331
1.799056,0.5814857,0.9954391,0.9295832,0.7991331
1.81291,0.5814857,0.9954391,0.9295832,0.7991331
1.826789,0.5814857,0.9954391,0.9295832,0.7991331
1.841307,0.5814857,0.9954391,0.9295832,0.7991331
1.856298,0.5814857,0.9954391,0.9295832,0.7991331
1.869562,0.5814857,0.9954391,0.9295832,0.7991331
1.88323,0.5814857,0.9954391,0.9295832,0.7991331
1.898806,0.5814857,0.9954391,0.9295832,0.7991331
1.91051,0.5814857,0.9954391,0.9295832,0.7991331
1.924977,0.5814857,0.9954391,0.9295832,0.7991331
1.939165,0.10456,0.1843231,0.1759687,0.1561834
2.127834,0.1054533,0.1844719,0.175905,0.1560815
2.169761,0.1064928,0.1845738,0.176046,0.1561829
2.18344,0.1067008,0.1845945,0.1760716,0.1561997
2.19297,0.1069224,0.1846086,0.1760886,0.1562157
2.209221,0.1071719,0.1846247,0.1761057,0.1562312
2.219481,0.107172,0.1846247,0.1761057,0.1562312
2.23351,0.1072166,0.1846353,0.1761092,0.1562333
2.246163,0.1072613,0.1846465,0.1761119,0.1562343
2.261534,0.1072467,0.1846323,0.1761017,0.1562316
2.274861,0.1072466,0.1846323,0.1761017,0.1562316
2.288007,0.1072389,0.1846131,0.1760949,0.1562358
2.302298,0.1072308,0.1845925,0.1760875,0.1562402
2.315434,0.1072227,0.1845709,0.1760794,0.156245
2.326911,0.1072561,0.1845665,0.1760877,0.1562598
2.340017,0.1072946,0.1845635,0.1760977,0.1562759
2.356391,0.1072946,0.1845636,0.1760977,0.156276
2.367893,0.1073413,0.1845625,0.1761042,0.1562888
2.380979,0.1073902,0.1845623,0.1761109,0.1563019
2.394559,0.1074447,0.184563,0.1761072,0.1563063
2.408516,0.1075021,0.1845638,0.176103,0.1563103
2.422498,0.1075334,0.1845572,0.176091,0.1563037
2.43593,0.1075609,0.184547,0.1760749,0.1562932
2.449279,0.1075832,0.1845345,0.1760548,0.1562788
2.464329,0.1075952,0.1845256,0.1760351,0.1562693
2.477287,0.1076003,0.1845162,0.1760136,0.1562584
2.4928,0.1075942,0.1845085,0.1760048,0.1562561
2.505449,0.107577,0.1844982,0.175996,0.1562554
2.519126,0.1076334,0.1845147,0.1760197,0.1562763
2.533864,0.107698,0.1845333,0.1760461,0.1562987
2.545513,0.1077724,0.1845531,0.1760737,0.1563215
2.560926,0.1078671,0.1845565,0.1760826,0.1563239
2.574198,0.1079807,0.1845606,0.1760937,0.1563283
2.588788,0.1081122,0.1845665,0.1761022,0.156329
2.60289,0.10826,0.1845732,0.1761117,0.1563302
2.617539,0.1084226,0.1845805,0.1761221,0.156331
2.631134,0.1085998,0.1845861,0.176138,0.1563351
2.643991,0.1087897,0.1845926,0.1761565,0.1563395
2.657147,0.1089497,0.1845974,0.1761707,0.156344
2.671353,0.1091119,0.1846025,0.176184,0.1563484
2.685795,0.109264,0.1846068,0.1761929,0.1563447
2.699677,0.1094135,0.1846108,0.1761997,0.1563383
2.71257,0.1095608,0.1846144,0.1762042,0.1563297
2.726909,0.1097633,0.1846165,0.1761944,0.1563082
2.740577,0.1099775,0.1846179,0.1761807,0.1562834
2.755377,0.1102019,0.184624,0.1761749,0.1562695
2.770437,0.1104384,0.184631,0.1761695,0.1562563
2.782735,0.1106862,0.1846397,0.1761646,0.1562436
2.797549,0.110811,0.1846361,0.1761465,0.1562115
2.810219,0.1109202,0.1846317,0.1761281,0.1561773
2.824477,0.110873,0.1846042,0.1760758,0.1561069
2.839768,0.110762,0.1845672,0.1760089,0.1560216
2.853274,0.1104946,0.1844921,0.1759107,0.1559065
2.867573,0.110158,0.1844007,0.1757946,0.1557745
2.879788,0.1097711,0.1842946,0.1756639,0.1556288
2.894945,0.1094377,0.184186,0.1755715,0.1555359
2.908098,0.1090949,0.1840705,0.1754796,0.155441
2.924984,0.1085351,0.1839698,0.1754082,0.1553721
2.936332,0.1079144,0.1838719,0.1753403,0.1553077
2.949691,0.1072379,0.1837775,0.1752744,0.1552462
2.965359,0.1064414,0.1836898,0.1752092,0.1552103
2.979626,0.105585,0.1836041,0.1751445,0.1551739
2.992378,0.1049719,0.1835388,0.1750963,0.1551415
3.006629,0.1043528,0.183475,0.1750471,0.1551018
3.021671,0.1041214,0.1834689,0.1750239,0.1550599
3.035004,0.1039254,0.1834679,0.1749969,0.1550387
3.047708,0.1037709,0.1834693,0.1749703,0.1550354
3.063203,0.1037158,0.1834739,0.1749688,0.1550433
3.075482,0.1037089,0.1834854,0.1749859,0.1550569
3.089677,0.1035749,0.1834893,0.1749836,0.1550228
3.104211,0.1034446,0.1834937,0.1749822,0.1549817
3.117412,0.1033143,0.1834975,0.1749802,0.1549345
3.131826,0.1028172,0.1835175,0.174998,0.1549143
3.145962,0.1022603,0.183539,0.1750158,0.1548868
3.160157,0.1015446,0.1835414,0.1750352,0.1548711
3.174473,0.1008031,0.1835411,0.175054,0.154851
3.189235,0.1001046,0.1835347,0.1750679,0.1548461
3.202022,0.09938667,0.1835267,0.1750803,0.1548413
3.21528,0.09864852,0.1835178,0.1750915,0.1548365
3.229203,0.09798341,0.1835024,0.1750923,0.1548277
3.244174,0.09730631,0.1834884,0.1750925,0.1548191
3.257084,0.09659284,0.1834373,0.1750835,0.1548151
3.271533,0.09586697,0.1833649,0.1750626,0.1548123
3.285109,0.09511774,0.1832735,0.1750351,0.1548025
3.299913,0.09427667,0.1831286,0.1749653,0.1547768
3.312827,0.0934051,0.1829643,0.1748804,0.1547461
3.326486,0.09272605,0.1828017,0.1747981,0.1547248
3.342642,0.09206247,0.1826297,0.1747114,0.1547054
3.354842,0.09168295,0.1824999,0.1746486,0.1546909
3.370666,0.091377,0.1823743,0.1745893,0.1546769
3.38301,0.09121548,0.1823072,0.1745607,0.1546702
3.397881,0.09108217,0.182234,0.1745306,0.1546798
3.410912,0.09098228,0.1821673,0.1745053,0.1546908
3.42479,0.09091507,0.1821467,0.1745175,0.1547158
3.439983,0.09089093,0.1821315,0.1745331,0.1547406
3.452798,0.09090419,0.1821188,0.1745497,0.1547647
3.466994,0.09100562,0.1821597,0.1745648,0.1547718
3.480137,0.09115951,0.1822267,0.1745879,0.1547783
3.494203,0.091396,0.1823424,0.1746237,0.1547792
3.508874,0.09167098,0.1824782,0.1746673,0.1547796
3.522586,0.09193867,0.182582,0.174706,0.1547834
3.536682,0.09222292,0.1826815,0.1747447,0.1547941
3.549146,0.09251782,0.1827764,0.1747822,0.1548077
3.564648,0.09300329,0.1828195,0.1748114,0.1548196
3.577732,0.093504,0.1828561,0.1748388,0.1548312
3.592631,0.09391747,0.182881,0.1748878,0.1548538
3.60755,0.09430508,0.1829138,0.1749361,0.1548856
3.620357,0.09466687,0.1829559,0.1749981,0.1549265
3.63596,0.09502979,0.1832018,0.1752222,0.1550701
3.647622,0.09543039,0.1834899,0.1754976,0.1552328
3.663246,0.09568331,0.1838997,0.175854,0.1554646
3.675321,0.09589675,0.1842965,0.1761737,0.1556635
3.688693,0.09598273,0.1846868,0.176393,0.1557627
3.703998,0.0960388,0.1850454,0.1765781,0.1558415
3.716726,0.09608492,0.1853714,0.176737,0.1559064
3.730794,0.09578463,0.1854598,0.1766645,0.1557858
3.744298,0.09552915,0.1855551,0.1766025,0.1556754
3.760563,0.09497424,0.1855016,0.1764258,0.1555173
3.772875,0.09415279,0.1854417,0.1762692,0.1552701
3.787017,0.09316925,0.185372,0.176086,0.1549231
3.801761,0.09250776,0.1852645,0.175871,0.1546038
3.815904,0.09192517,0.1851408,0.1756219,0.1542613
3.828273,0.09150009,0.1849891,0.1753703,0.1539583
3.843039,0.09111037,0.1848292,0.1751074,0.1536504
3.857528,0.09090867,0.1846761,0.1748705,0.153379
3.872299,0.09072072,0.1845062,0.1746372,0.1531074
3.884738,0.09053946,0.1843209,0.1744066,0.1528324
3.898468,0.09007528,0.1840628,0.1741351,0.1526104
3.911841,0.08958838,0.1837792,0.1738583,0.1523856
3.926531,0.08834124,0.1834801,0.1736056,0.1522381
3.941162,0.08682573,0.1831729,0.173351,0.1520857
3.954258,0.0851149,0.1828579,0.1730905,0.1519249
3.968219,0.08338928,0.181909,0.1722118,0.1515
3.981824,0.08167531,0.1808532,0.1712261,0.1510321
3.995304,0.07974058,0.1789628,0.1692985,0.1499393
4.010668,0.07777658,0.1769133,0.1671859,0.1486859
4.025449,0.07699828,0.1754499,0.1655389,0.1474814
4.038395,0.07624468,0.1739703,0.1638732,0.1462466
4.050676,0.07562323,0.1724621,0.1621769,0.1449898
4.065519,0.0760233,0.1726059,0.1622014,0.1445672
4.079156,0.07650896,0.172586,0.1620519,0.1440834
4.093217,0.07742127,0.1730552,0.1624073,0.1440367
4.108494,0.07834046,0.1733931,0.1626071,0.1441625
4.121734,0.07932366,0.1736379,0.162955,0.1443661
4.13583,0.0797298,0.1741747,0.1633951,0.1442901
4.148928,0.08011263,0.1749198,0.1639005,0.1442383
4.163184,0.08012479,0.1755891,0.1644903,0.1445013
4.178234,0.08010978,0.1762479,0.1650462,0.1447183
4.191871,0.07981034,0.1767064,0.1654795,0.144973
4.205791,0.07939323,0.1771156,0.1658722,0.1451966
4.218561,0.07887375,0.1774872,0.1662352,0.1453995
4.234652,0.07780242,0.1776109,0.1663627,0.1454738
4.246506,0.07656503,0.1777149,0.1665005,0.1455439
4.260707,0.07555234,0.1777624,0.1665882,0.1455616
4.275767,0.07455492,0.1777991,0.166679,0.1455773
4.288593,0.07356073,0.1778287,0.1667714,0.1455914
4.303988,0.07269064,0.1777619,0.1667379,0.1454911
4.316168,0.07183585,0.1776953,0.1667018,0.1453826
4.330302,0.07152631,0.1776471,0.1666459,0.1452172
4.345204,0.07125516,0.1775924,0.1665753,0.1450342
4.359529,0.07111692,0.1775534,0.166515,0.1448541
4.373499,0.07100475,0.1775122,0.1664493,0.1446668
4.38621,0.0709105,0.1774689,0.1663703,0.144476
4.400856,0.0708416,0.1774558,0.1663106,0.1443224
4.414145,0.07076063,0.1774478,0.1662455,0.1441784
4.428671,0.07042658,0.1772982,0.1661187,0.1441786
4.445071,0.07004565,0.1771025,0.1659776,0.1442031
4.457001,0.06963331,0.176866,0.1658267,0.1442461
4.470639,0.06894407,0.1759964,0.1654045,0.1442779
4.484075,0.06817465,0.1749227,0.1648865,0.1443002
4.498548,0.0648938,0.1722853,0.1632445,0.1440484
4.512214,0.06091781,0.1693385,0.161233,0.1436518
4.525586,0.0566435,0.1672931,0.1595048,0.1430951
4.540339,0.05233522,0.1652999,0.1577668,0.142533
4.553237,0.04814845,0.1633379,0.1560594,0.1419954
4.567367,0.04477939,0.1624655,0.1544981,0.1415453
4.581383,0.04152594,0.1614921,0.1529254,0.1410962
4.595396,0.0402986,0.1618143,0.1523779,0.1407549
4.609312,0.03905973,0.1619601,0.1519344,0.1403846
4.623439,0.03781204,0.1621337,0.1515089,0.1399747
4.63839,0.03749318,0.1624499,0.1514513,0.1396441
4.652187,0.03705874,0.1627406,0.1512768,0.1392796
4.665224,0.03741169,0.1630501,0.1516117,0.1393931
4.681193,0.0377148,0.163306,0.1518487,0.1394496
4.693819,0.03796281,0.1635885,0.1521898,0.1396719
4.70778,0.03816902,0.1639433,0.1524769,0.1398689
4.721274,0.03836937,0.1643399,0.1527221,0.1400525
4.7353,0.03837038,0.1645812,0.1529859,0.1403308
4.749233,0.03836602,0.1647757,0.1533235,0.1405955
4.763277,0.03826623,0.1648568,0.1537014,0.1408734
4.77799,0.03812918,0.1649078,0.1540963,0.1411544
4.790933,0.03794617,0.1649384,0.154499,0.1414424
4.805075,0.03728297,0.164879,0.1546555,0.1415686
4.818487,0.03653856,0.1648147,0.1547931,0.1416809
4.832882,0.03556152,0.1647159,0.1547795,0.1416079
4.846901,0.03453391,0.1646144,0.1546943,0.1414804
4.86214,0.03251878,0.1643902,0.1544491,0.141249
4.875396,0.0301878,0.1640755,0.1540713,0.140964
4.888155,0.02774964,0.1637051,0.1536168,0.1406498
4.903136,0.02241096,0.1630383,0.1530549,0.140256
4.916786,0.01748681,0.1623108,0.1524836,0.1398527
4.930234,0.01259781,0.1614548,0.152117,0.1396032
4.945336,0.008516463,0.1605957,0.151781,0.1393699
4.958677,0.006534586,0.1597303,0.1514595,0.1391425
4.972623,0.006213751,0.1590861,0.15145,0.1392065
4.98697,0.005997999,0.1584851,0.1515013,0.1393532
5.00065,0.005961964,0.1580154,0.1515494,0.1394732
5.014426,0.005769618,0.157539,0.1516835,0.1397053
5.02798,0.005651363,0.157222,0.1517786,0.1398545
5.043055,0.00556712,0.156913,0.1518833,0.1400158
5.05585,0.005520334,0.1566066,0.1519947,0.1401846
5.071927,0.005369696,0.1564458,0.1520817,0.1403103
5.083676,0.005150133,0.1562573,0.1521007,0.1403911
5.098083,0.004945937,0.156108,0.1521067,0.1404389
5.112058,0.004729426,0.1559467,0.1521156,0.1405084
5.126237,0.00456072,0.1558014,0.1521205,0.1405658
5.140038,0.004439379,0.1556669,0.152123,0.1406153
5.152957,0.004425135,0.1555668,0.152114,0.1405861
5.166956,0.004410423,0.1554688,0.1521045,0.1405498
5.181122,0.00439071,0.1553904,0.1520875,0.140474
5.195308,0.004370615,0.1553133,0.1520696,0.1403895
5.208757,0.004359507,0.1552363,0.152051,0.1402989
5.22295,0.004382481,0.1551536,0.1520063,0.1401775
5.237027,0.004428771,0.1550709,0.1519567,0.1400489
5.250623,0.004495665,0.1549914,0.1519007,0.1399162
5.265155,0.004580284,0.1549108,0.1518405,0.1397803
5.281444,0.004667918,0.1548196,0.1517719,0.1396626
5.293307,0.004755884,0.1547232,0.1516991,0.1395482
5.307671,0.004842084,0.1546232,0.1516227,0.1394366
5.320889,0.004883508,0.1545423,0.1515661,0.1393505
5.335774,0.00491661,0.1544628,0.1515105,0.1392689
5.348359,0.004917668,0.1544007,0.1514972,0.1392583
5.362863,0.004915131,0.1543423,0.1514906,0.1392585
5.37716,0.004903124,0.1542868,0.1514889,0.1392662
5.390051,0.004866656,0.1542618,0.1514886,0.1392728
5.404984,0.004818321,0.1542416,0.1514905,0.1392818
5.418285,0.004787022,0.1542327,0.1514965,0.1392989
5.431731,0.004754161,0.1542281,0.1515044,0.1393186
5.44698,0.004698779,0.1542213,0.1515048,0.1393294
5.460099,0.004638483,0.1542162,0.1515043,0.1393392
5.474598,0.004575408,0.1542126,0.1515029,0.1393481
5.49018,0.004518083,0.1541975,0.1514619,0.1393186
5.502323,0.004459361,0.1541813,0.1514112,0.1392789
5.515648,0.00434025,0.154184,0.1513823,0.1392276
5.529883,0.00422018,0.1541905,0.1513549,0.1391728
5.543705,0.004119149,0.1542002,0.1513287,0.1391155
5.557096,0.00401888,0.1542809,0.1513537,0.1390816
5.57094,0.004010028,0.1543775,0.1513825,0.1390477
5.584898,0.004111755,0.1544879,0.1514248,0.1390481
5.599204,0.0043382,0.1546184,0.1514896,0.1390442
5.613318,0.004667471,0.1547671,0.1515709,0.1390497
5.627002,0.005152775,0.1548528,0.1515889,0.1390882
5.641295,0.005686129,0.1549474,0.1515937,0.1391408
5.654731,0.005793843,0.1548214,0.1511822,0.1390109
5.668693,0.0058489,0.1545991,0.1506743,0.1388524
5.684435,0.005490518,0.153187,0.1489394,0.1381013
5.700573,0.005074009,0.1511716,0.1467132,0.1370541
5.711705,0.004636772,0.1487695,0.1442086,0.1357898
5.724491,0.004162933,0.1423991,0.1367569,0.1308837
5.739165,0.00364217,0.1359992,0.1294814,0.1257268
5.75181,0.003650181,0.128443,0.1203912,0.1182762
5.765528,0.00372636,0.1215166,0.1121712,0.1114008
5.780021,0.003842788,0.1150896,0.1045843,0.1050173
5.793636,0.003500166,0.1088614,0.09894028,0.09849562
5.807886,0.003693094,0.1029842,0.09315659,0.09241901
5.821156,0.004161121,0.1003786,0.08988997,0.08828057
5.83528,0.004778448,0.09723551,0.08606936,0.08393431
5.849537,0.005239163,0.09635316,0.08515557,0.08268107
5.864644,0.005655923,0.09521659,0.08384294,0.08107298
5.878389,0.006055908,0.09377218,0.08210384,0.07900856
5.890625,0.006197104,0.09374017,0.08195812,0.0787007
5.907672,0.006311841,0.09344598,0.08142425,0.07786035
5.919272,0.006237761,0.09370094,0.08118031,0.07738436
5.933493,0.006148648,0.09384504,0.08079728,0.07678311
5.947454,0.006052142,0.09392273,0.08032461,0.07609652
5.960795,0.006077031,0.09395941,0.07992548,0.07563447
5.976058,0.006129217,0.09397154,0.07946027,0.0750665
5.989111,0.006172228,0.09383731,0.07886778,0.07444866
6.004212,0.006192963,0.09366845,0.07822382,0.07377454
6.016653,0.006134435,0.09308909,0.07748986,0.07324779
6.030074,0.006086215,0.09235307,0.07671978,0.07267547
6.043968,0.00605082,0.09149887,0.07592796,0.07204254
6.0577,0.006043143,0.08952896,0.0746484,0.07107637
6.072599,0.006056524,0.08742597,0.0733526,0.07004259
6.085698,0.006022177,0.08523116,0.07203614,0.06902187
6.099857,0.005936372,0.08318485,0.07077343,0.06806408
6.116395,0.005801525,0.08129551,0.06956261,0.06717683
6.127894,0.005556426,0.0794202,0.06824852,0.06627144
6.142049,0.005273029,0.07776792,0.06703505,0.06547497
6.154903,0.004940592,0.07684314,0.06636409,0.06499208
6.168862,0.004621376,0.07602488,0.06574112,0.06455664
6.183484,0.004352399,0.07556508,0.06529319,0.06425278
6.197398,0.004104163,0.07512814,0.06487098,0.06397773
6.211692,0.003880024,0.07471585,0.06446958,0.06372796
6.224466,0.003820635,0.07450882,0.06425272,0.06359944
6.239329,0.003782535,0.07430603,0.06404079,0.06347562
6.252823,0.003750212,0.07414261,0.06384832,0.06335289
6.267262,0.003729302,0.07398454,0.0636595,0.06323186
6.281747,0.003716983,0.07382911,0.06347124,0.0631112
6.296682,0.003752234,0.07369427,0.06331632,0.06301633
6.310536,0.003789894,0.0735615,0.06316222,0.06292309
6.325136,0.00383973,0.07353669,0.06312449,0.06289241
6.337548,0.00390408,0.07351929,0.06309477,0.06286763
6.351394,0.003962718,0.0735864,0.06314682,0.06288882
6.366137,0.004018113,0.07365827,0.06320543,0.06291647
6.380852,0.00407,0.07372878,0.06326583,0.06294811
6.392137,0.00424572,0.07380776,0.06332846,0.06298377
6.406648,0.004436493,0.07390978,0.06341362,0.06302276
6.420307,0.004606571,0.07402764,0.06350763,0.06307327
6.435,0.00477778,0.07415537,0.06361298,0.06313629
6.449078,0.004951977,0.07428946,0.06372694,0.06321084
6.460986,0.005133423,0.07440181,0.06384939,0.06327891
6.475963,0.005334427,0.07451374,0.06397566,0.0633508
6.488753,0.005552677,0.07458033,0.06407432,0.06341746
6.503949,0.005788396,0.07463965,0.06416835,0.06348404
6.518371,0.005956979,0.0747081,0.06426971,0.06355169
6.532858,0.00611219,0.07477622,0.06437099,0.06361917
6.546667,0.006256323,0.07484432,0.0644723,0.06368637
6.559071,0.006266792,0.07486244,0.06453837,0.0637449
6.573553,0.006256703,0.07487568,0.06460036,0.06380183
6.587437,0.006255771,0.07487524,0.06463232,0.06383646
6.601001,0.00626965,0.07487059,0.06465798,0.06386641
6.615013,0.006299786,0.07486264,0.06467905,0.06389282
6.627775,0.006336319,0.07487042,0.06472057,0.06393334
6.642586,0.006380248,0.07487795,0.06476242,0.06397425
6.656512,0.006389851,0.0748872,0.06479786,0.06400736
6.669916,0.00638116,0.07489625,0.06483211,0.06403901
6.685617,0.006354211,0.07490514,0.06486524,0.06406958
6.69844,0.006304759,0.07491743,0.06489507,0.0640985
6.712643,0.006242971,0.0749299,0.06492379,0.06412668
6.726036,0.00620948,0.0749445,0.06494852,0.06415055
6.742796,0.006176424,0.07495941,0.06497206,0.06417358
6.754139,0.006101584,0.07498214,0.06500334,0.06420745
6.769048,0.006022104,0.07500692,0.06503571,0.06424376
6.782971,0.005940082,0.07503368,0.06506924,0.06428254
6.79515,0.005875826,0.07505791,0.06509436,0.06430939
6.809361,0.005812941,0.07508282,0.06511879,0.06433501
6.823123,0.005741811,0.07511883,0.06514893,0.06436281
6.838454,0.00566867,0.07515816,0.06518015,0.06439046
6.852082,0.00559358,0.07520024,0.06521221,0.06441792
6.865813,0.005524606,0.07530621,0.06530052,0.06447026
6.879499,0.005454755,0.07543007,0.06540146,0.06452666
6.892995,0.005389178,0.07559387,0.06554241,0.06462081
6.907833,0.005317061,0.07577418,0.06569777,0.06472542
6.921181,0.00523254,0.07588942,0.06579702,0.06480313
6.93505,0.005148243,0.07599356,0.06588516,0.06487542
6.951685,0.005061644,0.07609148,0.06596694,0.0649459
6.963696,0.0050351,0.0761581,0.06602897,0.06501927
6.977614,0.005023936,0.07621732,0.06608554,0.06509212
6.99064,0.004994128,0.0762041,0.06608278,0.06513362
7.004673,0.004936818,0.07618219,0.06607167,0.06516925
7.01949,0.004866994,0.07615557,0.06605508,0.06520058
7.032544,0.004769814,0.07607929,0.06600998,0.06519301
7.047334,0.004691613,0.07596554,0.0659472,0.06518214
7.060683,0.00460083,0.07573527,0.06577997,0.0651302
7.074916,0.004530194,0.07545372,0.06556054,0.06505147
7.088319,0.004509509,0.07512917,0.06527537,0.06491904
7.102495,0.004495725,0.07478765,0.06495968,0.06475352
7.117846,0.004481115,0.0744427,0.06462957,0.06456595
7.130599,0.004482834,0.07417504,0.06437936,0.06442229
7.144249,0.004492301,0.07392018,0.06413959,0.06428211
7.159698,0.00452388,0.0737577,0.06397443,0.06418572
7.172977,0.004560501,0.0736101,0.06382331,0.06409892
7.187455,0.004597297,0.07347133,0.06368069,0.06401887
7.200244,0.004594661,0.07340564,0.0635993,0.06398729
7.214284,0.004592709,0.07334594,0.06352376,0.06396186
7.227355,0.004580038,0.07331288,0.06348933,0.06395959
7.242226,0.004567737,0.07328396,0.06346006,0.06396186
7.256348,0.004555299,0.07327774,0.06344076,0.06396961
7.269377,0.004544763,0.07327552,0.0634246,0.06397992
7.284363,0.004536044,0.07327616,0.06341092,0.06399225
7.296679,0.004535415,0.07328036,0.06340933,0.06400637
7.31214,0.004538133,0.07328675,0.06341052,0.06402182
7.32487,0.004515165,0.07330287,0.06341855,0.06403291
7.339459,0.004490115,0.07332128,0.06342884,0.0640445
7.353398,0.004463409,0.07334143,0.06344097,0.0640567
7.369038,0.004426798,0.07336033,0.06344912,0.06406035
7.382882,0.00438808,0.07338085,0.06345778,0.0640628
7.394775,0.004363278,0.07339577,0.06346785,0.0640734
7.40917,0.004339144,0.07341057,0.06347843,0.06408497
7.422903,0.004297511,0.07342917,0.0634949,0.06410446
7.437825,0.004251603,0.07344858,0.06351343,0.06412676
7.451107,0.004202201,0.07346856,0.06353389,0.06415161
7.464113,0.004187257,0.07349049,0.06355678,0.06417648
7.477921,0.004176395,0.07351324,0.06358121,0.06420267
7.491296,0.004162068,0.07354066,0.06360944,0.06423021
7.507398,0.004149165,0.0735698,0.06363951,0.06425858
7.52077,0.004136735,0.07360059,0.06367135,0.06428788
7.535138,0.004106346,0.07361217,0.06368416,0.06430478
7.547992,0.004073013,0.07362156,0.06369479,0.06432023
7.56148,0.004051954,0.07364121,0.06370845,0.06432983
7.577167,0.004031237,0.07366201,0.06372167,0.0643378
7.589947,0.004009034,0.07367951,0.06373397,0.0643478
7.604119,0.003988268,0.07369671,0.06374584,0.06435755
7.617577,0.003969702,0.0737137,0.06375725,0.06436725
7.630511,0.003982426,0.07373153,0.06376977,0.0643723
7.64529,0.00400101,0.0737496,0.06378238,0.06437656
7.659306,0.004007212,0.07376537,0.06379321,0.06438928
7.672562,0.004014308,0.07378064,0.06380365,0.06440345
7.687485,0.004022621,0.07379545,0.06381372,0.06441913
7.700754,0.004032433,0.07380271,0.06381989,0.0644263
7.71501,0.00404409,0.0738084,0.06382517,0.06443299
7.729042,0.004036357,0.07381988,0.06383727,0.06444132
7.742462,0.004024305,0.07383176,0.06385039,0.06444981
7.757155,0.004012105,0.07384483,0.06386208,0.06445833
7.771448,0.003999182,0.07385831,0.06387385,0.0644669
7.786925,0.003986422,0.07387228,0.06388575,0.06447554
7.799663,0.003987997,0.07387428,0.06388642,0.06448076
7.812482,0.003992084,0.07387454,0.06388523,0.06448539
7.826011,0.003998725,0.07386843,0.06387612,0.0644803
7.840318,0.004006905,0.07386042,0.06386476,0.06447317
7.855038,0.004016269,0.07384995,0.06385025,0.06446423
7.868653,0.003987319,0.07384038,0.0638374,0.06446062
7.8822,0.003953131,0.07382938,0.06382295,0.06445672
7.89604,0.003933469,0.07380327,0.06379559,0.0644512
7.910441,0.00391381,0.0737723,0.06376395,0.06444511
7.924406,0.003877708,0.07373401,0.06372356,0.06443205
7.939521,0.003836832,0.07369103,0.06367838,0.06441668
7.951835,0.003792185,0.07364412,0.06362919,0.06439918
7.96551,0.003705761,0.07360127,0.0635849,0.06437515
7.979209,0.003611518,0.07355684,0.06353945,0.06434802
7.995276,0.003555,0.07349982,0.06348179,0.06431416
8.007413,0.003504095,0.07343948,0.06342126,0.06427711
8.021615,0.003459188,0.07337609,0.06335823,0.06423718
8.035629,0.00345988,0.07332069,0.0633058,0.06420752
8.048966,0.003468974,0.07326517,0.0632539,0.06417841
8.06241,0.003495584,0.07322321,0.06321678,0.06415432
8.076021,0.003529129,0.07318372,0.06318267,0.06413129
8.091308,0.003568533,0.07314622,0.06315094,0.06410903
8.105176,0.003606506,0.07314129,0.06315093,0.06411041
8.11924,0.003649506,0.07314055,0.0631549,0.06411541
8.132104,0.003741713,0.07314741,0.06316724,0.06412419
8.146434,0.003851469,0.07315765,0.06318243,0.06413589
8.160439,0.00395519,0.07317751,0.06320687,0.06415119
8.174628,0.004063432,0.07319989,0.06323403,0.06416804
8.188427,0.004175456,0.07322733,0.06326739,0.06418602
8.204052,0.004284455,0.07325377,0.06329686,0.06420561
8.216809,0.004397286,0.07328327,0.06332996,0.06422824
8.22982,0.004482728,0.07331386,0.06336214,0.0642506
8.244624,0.004565565,0.07334631,0.06339544,0.06427468
8.25815,0.004646525,0.07338027,0.06342958,0.06430014
8.272484,0.004716569,0.07340682,0.06345561,0.06431856
8.287296,0.004784645,0.07343245,0.06348033,0.06433631
8.299286,0.004868614,0.07343868,0.06348341,0.06433468
8.31369,0.004952953,0.07344048,0.06348214,0.06432953
8.32813,0.005052808,0.0733929,0.0634343,0.06429598
8.342212,0.00515315,0.073337,0.06337555,0.06424784
8.356863,0.005259005,0.07325946,0.06329472,0.06418181
8.369141,0.005451269,0.07318377,0.06320758,0.06407923
8.383639,0.005658792,0.07309639,0.06310606,0.06395667
8.396997,0.006149629,0.07303948,0.06304275,0.06387387
8.412416,0.006785537,0.07298747,0.06298548,0.0637958
8.425883,0.007974972,0.07309587,0.06309371,0.06385244
8.439903,0.009616378,0.0732266,0.06321006,0.06393034
8.453594,0.01156657,0.07343736,0.06339909,0.06401941
8.468169,0.01227181,0.07384121,0.06382187,0.06420948
8.481265,0.01184251,0.07459792,0.06465688,0.06464592
8.49448,0.01151266,0.07524425,0.06535164,0.06505992
8.509899,0.01108084,0.07595739,0.06610245,0.0655393
8.524242,0.01067898,0.07660658,0.06673089,0.06595102
8.537251,0.01036712,0.07719805,0.06728022,0.06631838
8.549485,0.009863678,0.07775895,0.06784328,0.06669623
8.563546,0.009356265,0.07817896,0.06824716,0.06697621
8.57714,0.008639309,0.07872365,0.06879202,0.067341
8.591774,0.008064558,0.07894339,0.06910723,0.0676195
8.605516,0.007546066,0.07913601,0.06939285,0.06787073
8.621689,0.007131768,0.07921906,0.06955705,0.06808659
8.633283,0.006770171,0.07928971,0.06971227,0.06828793
8.64801,0.006547332,0.07924543,0.06975117,0.06842516
8.661455,0.006368293,0.07918946,0.06978276,0.06855208
8.676147,0.006220513,0.0791264,0.06980933,0.06867322
8.691014,0.006059493,0.07903121,0.06979705,0.06875007
8.703485,0.005901893,0.0789312,0.06978441,0.06882384
8.717909,0.005711216,0.07870749,0.06969578,0.06874971
8.730714,0.005499898,0.07841438,0.06958313,0.06868242
8.745208,0.005273195,0.07807504,0.06940939,0.0686266
8.759707,0.004937092,0.07771232,0.06905422,0.06846805
8.773234,0.004550691,0.07734632,0.06863581,0.06821598
8.787795,0.004163245,0.07701313,0.06810791,0.0678061
8.801074,0.003816628,0.07669209,0.06756796,0.06735185
8.815857,0.003576169,0.07642792,0.06709801,0.06694195
8.830997,0.003376365,0.07617848,0.06664708,0.06654742
8.843465,0.003217845,0.07593919,0.06621188,0.06616972
8.857355,0.003096762,0.07576254,0.06590781,0.06591503
8.871134,0.002984097,0.07559192,0.06561252,0.06566691
8.885298,0.00291433,0.07549331,0.0654327,0.06549318
8.898259,0.002892619,0.07540461,0.06526269,0.06532517
8.912093,0.002988218,0.07534078,0.0651117,0.06515034
8.927144,0.003113869,0.07528514,0.06496703,0.06497917
8.941416,0.003263221,0.07523524,0.0648246,0.06480858
8.954799,0.003425207,0.07519179,0.06471684,0.06467158
8.968082,0.003590083,0.0751515,0.06461235,0.06453753
8.982207,0.003687453,0.07510364,0.06449609,0.06439231
8.99598,0.003779225,0.07505687,0.06437825,0.06424711
9.010746,0.003871536,0.07501131,0.0642592,0.0641019
9.025238,0.003901759,0.07493377,0.06410854,0.06395309
9.039968,0.003928766,0.07484911,0.06395292,0.06380408
9.051823,0.003934895,0.07475737,0.06380706,0.06366263
9.06615,0.003941677,0.0746566,0.06365564,0.06351603
9.080249,0.003951457,0.07455232,0.06350608,0.06337168
9.094001,0.003963901,0.07446707,0.06338707,0.06325775
9.108219,0.003976896,0.07438337,0.06327238,0.06314635
9.122012,0.003998009,0.07432116,0.06320582,0.06307916
9.135493,0.004019495,0.0742626,0.0631448,0.06301512
9.14986,0.004014197,0.0742137,0.06309231,0.06296827
9.163434,0.004011557,0.07416808,0.06304277,0.06292447
9.178584,0.004014951,0.07412472,0.06299511,0.06288259
9.1917,0.004077405,0.07407378,0.06294279,0.06285003
9.205133,0.004142797,0.07402229,0.06289095,0.06281915
9.218904,0.004181436,0.07399444,0.0628716,0.06279141
9.232581,0.00422017,0.07396988,0.06285617,0.06276568
9.248671,0.004261793,0.07394834,0.06284328,0.0627417
9.262176,0.004362304,0.07390327,0.06281331,0.06269791
9.276359,0.004485365,0.07385765,0.06278317,0.0626521
9.289073,0.005163012,0.07383057,0.06278621,0.0626532
9.30203,0.006025504,0.0738073,0.06279473,0.06266098
9.316693,0.007266101,0.07378013,0.06279632,0.06265582
9.330019,0.008549934,0.07375397,0.06279884,0.0626516
9.345819,0.009925949,0.07372759,0.06280234,0.0626479
9.358995,0.01098231,0.0737087,0.06285802,0.06270026
9.371564,0.01204917,0.07369269,0.06294103,0.06276867
9.385913,0.01165595,0.07371969,0.06314021,0.0629865
9.399839,0.01119266,0.07375654,0.06339666,0.06328139
9.414221,0.01069251,0.07381246,0.06369519,0.06362851
9.428991,0.01025174,0.07394774,0.06413995,0.06414339
9.442083,0.009839007,0.0741221,0.06461344,0.0646807
9.458777,0.009418389,0.07434569,0.06509953,0.06518123
9.470149,0.008899218,0.07458937,0.0655824,0.06566882
9.48404,0.008360653,0.07484102,0.06600004,0.06607916
9.498206,0.007795407,0.07509756,0.06640335,0.066475
9.511596,0.00722338,0.07535623,0.06679668,0.06686199
9.52579,0.006753997,0.07551143,0.06703245,0.0670905
9.539343,0.006314203,0.07565688,0.06726114,0.06731746
9.552872,0.006024182,0.07575686,0.06737297,0.0674367
9.566491,0.005777837,0.07584821,0.06747755,0.0675523
9.580625,0.005566015,0.07593437,0.06757917,0.06766727
9.595376,0.005534381,0.07592393,0.06756018,0.06766726
9.609965,0.005532966,0.07590994,0.06754148,0.06766708
9.6233,0.00557256,0.07589503,0.06746535,0.06757154
9.636583,0.005629269,0.07588019,0.06739613,0.06748491
9.650894,0.005630106,0.07579812,0.06723045,0.067334
9.666352,0.005622107,0.0756737,0.06698814,0.06710871
9.679354,0.005605539,0.0755124,0.06668663,0.06682771
9.693069,0.00547344,0.07532838,0.06635755,0.06650041
9.706043,0.005311632,0.07513037,0.06601143,0.0661591
9.720186,0.005167923,0.07491221,0.06569903,0.06586311
9.733862,0.005027093,0.07468709,0.06539679,0.06557541
9.747782,0.004891308,0.07445683,0.06510102,0.06529257
9.762572,0.004863355,0.07426032,0.06486636,0.06511503
9.776432,0.004812215,0.07406326,0.06463553,0.06494112
9.789978,0.004680272,0.07396963,0.06450383,0.06478398
9.803738,0.004539077,0.07388867,0.06438233,0.06463128
9.818909,0.004431396,0.07384573,0.06427742,0.06450657
9.831401,0.004308344,0.07381453,0.06417927,0.06438769
9.84573,0.004202726,0.07379222,0.06408585,0.06427273
9.859939,0.004136782,0.0738034,0.0640348,0.06418724
9.875223,0.004113168,0.07382488,0.06398947,0.06410477
9.888053,0.004135283,0.07384536,0.06394811,0.06403331
9.901387,0.004162367,0.07387123,0.06391041,0.06396712
9.915763,0.004189575,0.07390176,0.06387631,0.06390554
9.929424,0.004220882,0.07393464,0.0638681,0.06387424
9.944108,0.004249788,0.07397011,0.0638647,0.06384736
9.958322,0.004293738,0.07399276,0.06384984,0.06383663
9.970758,0.004338786,0.07401393,0.063835,0.06382942
9.984562,0.004345646,0.07404225,0.06383362,0.06382731
9.999545,0.004344835,0.07407234,0.06383488,0.06382681
10.01354,0.004337889,0.07410428,0.06383836,0.06382738
10.02745,0.004322371,0.07413475,0.06384277,0.06383646
10.04187,0.004304286,0.07416636,0.06384823,0.06384692
10.05564,0.004281346,0.07419709,0.06384874,0.06385066
10.06933,0.004258482,0.07422811,0.06384787,0.06385389
10.08517,0.004236689,0.07425962,0.06384575,0.06385682
10.09802,0.004200374,0.07430772,0.0638564,0.0638737
10.11178,0.004164463,0.07436003,0.06386735,0.06389087
10.12599,0.00686735,0.07452139,0.06387497,0.06391397
10.13892,0.01318788,0.07471465,0.06388333,0.06394502
10.15286,0.02235343,0.07491346,0.06392819,0.06399877
10.16675,0.03211384,0.0751221,0.06398794,0.06406379
10.18132,0.04176086,0.07533501,0.06406171,0.06413896
10.19491,0.05053787,0.07550564,0.06417561,0.06425097
10.20761,0.05917706,0.07567048,0.06431112,0.06437403
10.22252,0.06522679,0.07583189,0.06442548,0.0645007
10.23514,0.07129753,0.07598763,0.0645403,0.06462231
10.24898,0.07743818,0.07613965,0.06465416,0.06473852
10.26399,0.0795259,0.07612698,0.06468996,0.06487451
10.27797,0.08242644,0.07610728,0.06471491,0.0650079
10.29335,0.08372743,0.07608537,0.0647619,0.06516737
10.30522,0.08541179,0.07605302,0.06480726,0.06532674
10.31961,0.08731177,0.07601158,0.06485163,0.06548502
10.33237,0.08788455,0.0759794,0.06491734,0.06562435
10.347,0.08864624,0.07594331,0.06498479,0.06576236
10.36091,0.08891555,0.07590609,0.06504051,0.06587528
10.37389,0.08926246,0.07586856,0.06509537,0.06598666
10.38783,0.08947387,0.07584761,0.06513674,0.0660692
10.40186,0.08970844,0.07582944,0.06517534,0.06614844
10.41604,0.08996262,0.07581376,0.06521229,0.06622638
10.43152,0.0899209,0.07579266,0.06523901,0.06627697
10.44407,0.08983476,0.07577202,0.065264,0.0663261
10.45825,0.08947159,0.07575938,0.06528998,0.06636305
10.47169,0.08900271,0.07574756,0.06531537,0.06639855
10.48588,0.08847018,0.07573634,0.06534047,0.06643321
10.50208,0.08693454,0.07572935,0.0653721,0.06646089
10.51392,0.08523855,0.07572348,0.06540445,0.06648794
10.52796,0.08159465,0.07571322,0.06542921,0.06648665
10.542,0.07782109,0.07570089,0.06545433,0.0664845
10.5561,0.073727,0.07567137,0.06544162,0.06644933
10.56929,0.07006297,0.07563926,0.06542756,0.06639057
10.58347,0.06632835,0.07560292,0.06541198,0.06630476
10.59794,0.06318392,0.07555757,0.06538056,0.06616534
10.61127,0.05996225,0.07550964,0.06533834,0.06600159
10.62552,0.05679034,0.07541733,0.06524405,0.06576955
10.63896,0.05360733,0.07531334,0.06512414,0.0655219
10.65349,0.05038464,0.07520036,0.06498314,0.065267
10.6678,0.04739739,0.07513175,0.06488018,0.06511183
10.68124,0.04434051,0.07506589,0.06477666,0.06496179
10.69545,0.04174285,0.07502919,0.0647161,0.06486714
10.71016,0.03909471,0.07499698,0.06466225,0.06477758
10.72311,0.03719467,0.07497922,0.06462034,0.06473057
10.73652,0.03529109,0.07496511,0.06458319,0.06468981
10.75091,0.03338801,0.07495348,0.06454948,0.0646531
10.76477,0.03087794,0.07496081,0.06454287,0.06460887
10.77851,0.02837155,0.0749708,0.06454123,0.06456546
10.79304,0.02421805,0.0749779,0.06455217,0.06453899
10.80631,0.02015364,0.07498575,0.06456761,0.06451526
10.82098,0.01629042,0.07499435,0.06458683,0.06449343
10.83416,0.00967998,0.07495002,0.06458384,0.06443711
10.84844,0.006917173,0.0748966,0.06457937,0.06437733
10.86239,0.007148371,0.07484311,0.06455524,0.06430344
10.87551,0.00830189,0.07478616,0.06452611,0.06422681
10.88992,0.008521375,0.07474438,0.06447332,0.06416907
10.90371,0.008950072,0.0747007,0.06441276,0.06411401
10.92212,0.009512322,0.07465477,0.06434603,0.06406092
10.93208,0.009032974,0.07461433,0.06427783,0.06401725
10.94561,0.008750746,0.07457423,0.0642043,0.06397575
10.95971,0.008333557,0.0745189,0.06412847,0.06393914
10.97357,0.007941668,0.07446002,0.06405009,0.06390455
10.98815,0.007581612,0.07439759,0.0639696,0.0638714
11.00126,0.007248484,0.07433486,0.06389873,0.06384473
11.01732,0.006882283,0.07426956,0.06382883,0.06381979
11.02909,0.006514464,0.07420675,0.0637724,0.0638024
11.04306,0.006159711,0.07414333,0.06371912,0.06378688
11.05655,0.005858527,0.07410285,0.06368969,0.06378101
11.07048,0.005587536,0.07406753,0.06366664,0.0637776
11.08419,0.005345036,0.07403625,0.06364851,0.06377599
11.09992,0.005161231,0.07401096,0.06363228,0.06377754
11.11167,0.00499622,0.0739887,0.06361877,0.06378049
11.12813,0.004849916,0.07399806,0.06363123,0.06379382
11.14017,0.00471347,0.07401246,0.06364812,0.06380931
11.15581,0.004583761,0.07403014,0.06366812,0.06382828
11.16852,0.004471611,0.07449862,0.0641958,0.06410788
11.18167,0.004386188,0.07525379,0.06498837,0.06451858
11.1958,0.004127276,0.07893198,0.06835814,0.06628528
11.20887,0.003903964,0.08397368,0.07248871,0.06870558
11.22537,0.003744344,0.08955289,0.0768723,0.07149741
11.23726,0.003788839,0.09739918,0.08381405,0.07834508
11.25248,0.004009464,0.1051677,0.09078581,0.08544447
11.26554,0.004308593,0.1102381,0.09687361,0.09072822
11.27898,0.004644897,0.1157528,0.1030737,0.09621411
11.2931,0.004987136,0.1167288,0.1040336,0.09710035
11.30729,0.005377218,0.1185666,0.1058264,0.09879017
11.32263,0.005813618,0.1208529,0.1080555,0.1008979
11.33724,0.006157698,0.1201293,0.1077055,0.1005645
11.34871,0.006496105,0.1201265,0.1079528,0.1007882
11.36377,0.006705009,0.1196761,0.1077561,0.1005459
11.37633,0.00689456,0.1194473,0.1078159,0.1005512
11.39014,0.007067887,0.1192465,0.1079244,0.1006766
11.40396,0.007132254,0.1188529,0.1078168,0.1005308
11.41863,0.00717696,0.1184539,0.1076665,0.100306
11.43297,0.00718707,0.1183815,0.1076167,0.1002388
11.44552,0.007180328,0.1183718,0.1076035,0.1002043
11.45988,0.007151644,0.1185513,0.1077425,0.1003463
11.47341,0.007117645,0.1187653,0.10791,0.1005191
11.48829,0.007077967,0.1190242,0.1081204,0.1007353
11.50349,0.007021263,0.1193681,0.1082477,0.1009731
11.51678,0.006951805,0.1197388,0.1083916,0.1012302
11.53032,0.00688295,0.1201066,0.1085691,0.1015019
11.54591,0.006812154,0.1204798,0.1087571,0.1017789
11.56051,0.006740138,0.1208596,0.1089548,0.102062
11.5717,0.006690357,0.1211201,0.1090618,0.1022521
11.58556,0.006645796,0.1213753,0.1091717,0.1024489
11.60127,0.006590213,0.1216119,0.1093065,0.1026517
11.61314,0.006533992,0.1218597,0.1094464,0.1028598
11.62841,0.006453873,0.1219404,0.1094553,0.1029158
11.64133,0.006364837,0.1219975,0.109448,0.1029596
11.65518,0.006267896,0.1220373,0.1094289,0.1029954
11.67041,0.006144162,0.1216973,0.109001,0.1026199
11.68388,0.006011317,0.1211912,0.1085245,0.102236
11.69811,0.005930462,0.1192526,0.1068382,0.1008467
11.71069,0.00587906,0.1166966,0.1045979,0.09885672
11.72642,0.005864048,0.1138511,0.1020667,0.09656666
11.73874,0.005960477,0.1083354,0.09723695,0.09251949
11.75543,0.006126232,0.1031621,0.092636,0.08871722
11.7672,0.006388835,0.09835908,0.08679043,0.08391914
11.78052,0.006688201,0.09401669,0.08168595,0.07976252
11.79452,0.006760154,0.09010682,0.07791293,0.07658643
11.80769,0.006818433,0.08658297,0.07454365,0.07376349
11.82308,0.006870948,0.08340308,0.07154112,0.07126827
11.83729,0.006699536,0.0811757,0.06994952,0.0692525
11.85051,0.006518461,0.07917658,0.068371,0.06750276
11.86447,0.006225846,0.07774158,0.06714861,0.06619643
11.87801,0.00581917,0.07661259,0.06614379,0.06525084
11.89245,0.005331326,0.07577602,0.0653609,0.06464049
11.90583,0.004760297,0.07565851,0.06532461,0.06465048
11.91985,0.004214544,0.07554992,0.06524303,0.06463777
11.935,0.003958542,0.07557485,0.06524011,0.0647177
11.94827,0.003827259,0.07564773,0.06528308,0.06481283
11.96513,0.003803788,0.07569892,0.06531487,0.06487644
11.97586,0.003825077,0.07576469,0.06535568,0.06494193
11.98918,0.003874813,0.07584324,0.06540508,0.06500941
12.00438,0.003941587,0.07591129,0.06546478,0.06507421
12.01843,0.003980294,0.07598785,0.06552655,0.06515432
12.03176,0.004018406,0.07606496,0.06558993,0.06523193
12.04508,0.004021733,0.07615438,0.06566291,0.06531683
12.06041,0.004017534,0.07624163,0.06573471,0.06539737
12.073,0.004007094,0.0763258,0.06580412,0.06547305
12.08785,0.004009256,0.07637255,0.06584174,0.06551727
12.10327,0.004008391,0.07641128,0.06587259,0.06555437
12.11412,0.004004794,0.07644353,0.06589797,0.0655859
12.12879,0.004005372,0.07643491,0.06589139,0.06560602
12.14145,0.004002978,0.07642101,0.06587983,0.06562205
12.15696,0.003998185,0.07640349,0.06586456,0.06563484
12.17223,0.003999732,0.07638002,0.06584582,0.06562815
12.18402,0.003997135,0.07635829,0.06582902,0.06562261
12.19965,0.003996047,0.07633302,0.0658097,0.06561562
12.21202,0.004001786,0.07630894,0.0657921,0.0656095
12.22623,0.004008705,0.07628381,0.06577378,0.06560291
12.23941,0.004016605,0.07625794,0.0657549,0.06559601
12.2535,0.004011346,0.07625416,0.06575237,0.06560072
12.26878,0.004004125,0.07625351,0.06575217,0.0656075
12.28062,0.004006802,0.07624199,0.0657429,0.06560615
12.29543,0.004009971,0.0762299,0.06573287,0.06560405
12.30898,0.004015047,0.07621716,0.06572217,0.06560129
12.32312,0.004027802,0.07620579,0.0657155,0.06560644
12.33866,0.004043838,0.07619437,0.06570914,0.06561258
12.35147,0.004051584,0.07617994,0.0656991,0.06561509
12.36655,0.004059251,0.07616466,0.06568842,0.0656174
12.381,0.004066044,0.07614831,0.06567703,0.06562018
12.39421,0.004072576,0.07613102,0.06566493,0.06562296
12.40691,0.004077184,0.0761197,0.06565707,0.06562516
12.42185,0.004075401,0.07609776,0.06564095,0.06562559
12.43583,0.004071584,0.07607463,0.06562367,0.06562548
12.44782,0.004067572,0.07603483,0.06558968,0.06561214
12.46286,0.004064763,0.07598963,0.06555007,0.06559601
12.47626,0.004063744,0.07593966,0.06550507,0.06557743
12.49098,0.004064202,0.07586528,0.06542812,0.06551918
12.50509,0.004065377,0.07578306,0.06534119,0.06544477
12.51842,0.004014712,0.07565678,0.06522427,0.06533333
12.53304,0.003952829,0.07551598,0.06509694,0.06520356
12.54564,0.003912814,0.07539455,0.06505722,0.06511509
12.5609,0.003874745,0.07528294,0.06504475,0.06504183
12.57375,0.003841816,0.07519096,0.06506166,0.06498591
12.59012,0.003808629,0.07536764,0.06544405,0.06513956
12.60233,0.003802367,0.07589652,0.06620788,0.06548703
12.61537,0.003780858,0.07754587,0.06802049,0.06693827
12.63018,0.003766377,0.07990225,0.07038252,0.06900468
12.64326,0.003758022,0.08279497,0.0731464,0.07152418
12.65909,0.003698095,0.0874171,0.07720075,0.07476006
12.67167,0.003662383,0.09225347,0.0814278,0.0783302
12.68522,0.003662111,0.09746331,0.08757699,0.08309206
12.7007,0.00377582,0.1027766,0.09366795,0.08814853
12.71316,0.004019818,0.106949,0.09817169,0.09199842
12.72775,0.004345231,0.1113807,0.1029215,0.09622171
12.7413,0.00473447,0.115917,0.1077543,0.1005607
12.75667,0.005078919,0.1196431,0.1106398,0.1035028
12.76988,0.005413821,0.1235569,0.1139349,0.1067221
12.78139,0.005510102,0.1246675,0.1150534,0.1078722
12.79852,0.005560934,0.1261005,0.1164827,0.109303
12.80966,0.005578035,0.1277218,0.1180937,0.1108932
12.82609,0.005532629,0.1278931,0.1184909,0.1113382
12.83829,0.005484235,0.1282995,0.1190862,0.111981
12.85167,0.005471436,0.1281828,0.1191924,0.1120813
12.86608,0.005464619,0.128164,0.1193815,0.1122715
12.87955,0.005452655,0.1282,0.1196206,0.1125148
12.89443,0.00542846,0.1281333,0.1197529,0.1125982
12.90788,0.005404005,0.1280924,0.1199101,0.1127096
12.9212,0.005340757,0.12796,0.1199332,0.1126873
12.93536,0.005277217,0.1278424,0.1199675,0.1126774
12.9485,0.005242688,0.1276852,0.1200118,0.1126481
12.96329,0.005221848,0.1274911,0.1200365,0.1125977
12.97691,0.005215404,0.1272668,0.1200364,0.1125215
12.99229,0.005266903,0.1270943,0.1200657,0.112471
13.00916,0.005334649,0.1269263,0.1200944,0.1124237
13.01891,0.005429489,0.1267199,0.1201172,0.1123994
13.03409,0.005539848,0.126518,0.1201388,0.1123808
13.04695,0.005664259,0.1263255,0.1201612,0.1123672
13.062,0.005841217,0.1262179,0.1202591,0.1123991
13.07459,0.006025748,0.1261301,0.1203677,0.1124376
13.08842,0.006165734,0.1261081,0.1204338,0.1124386
13.10379,0.006294603,0.1261008,0.1204985,0.1124369
13.11559,0.006382585,0.1260364,0.1203536,0.1123044
13.13011,0.006487821,0.1259704,0.1201949,0.1121437
13.14399,0.006621322,0.1258964,0.1200164,0.1119481
13.15933,0.006708203,0.1256117,0.1195874,0.1114782
13.17319,0.006814683,0.1253196,0.1190768,0.1109144
13.18537,0.006952771,0.1248894,0.118269,0.1100621
13.20023,0.007110045,0.1243414,0.1172874,0.1091057
13.21558,0.007258998,0.123694,0.116195,0.1080912
13.22747,0.007338201,0.1227458,0.1149197,0.1069701
13.24103,0.007383534,0.1217162,0.1136212,0.105835
13.25498,0.00742995,0.1204407,0.1121886,0.1044905
13.27016,0.007459887,0.119147,0.1107646,0.103115
13.2821,0.007446887,0.1178366,0.1095168,0.101994
13.29779,0.007418438,0.1165581,0.1083065,0.1009015
13.31002,0.007382002,0.1153045,0.1071155,0.09982533
13.32489,0.007355671,0.1139092,0.105905,0.09877329
13.3396,0.007334777,0.1125045,0.10469,0.09772883
13.35182,0.007343102,0.1110893,0.103674,0.09684016
13.36781,0.007364785,0.1096988,0.102685,0.09597689
13.37975,0.007400659,0.1083036,0.1016944,0.09511241
13.39539,0.007290451,0.1072471,0.1009341,0.09432941
13.40955,0.007222812,0.1069262,0.1006609,0.09405717
13.42464,0.007116639,0.1061165,0.09997756,0.09333017
13.43767,0.007011646,0.1053677,0.09932797,0.09263654
13.45041,0.006954824,0.1047249,0.09872825,0.09200495
13.46413,0.00692526,0.104113,0.09814972,0.09139891
13.47779,0.006920822,0.1035183,0.09758284,0.09080793
13.49331,0.00690362,0.1030688,0.0970996,0.09030153
13.50659,0.006903399,0.1026338,0.09662658,0.08980439
13.51953,0.006947021,0.1021494,0.09613999,0.08933327
13.53449,0.007016025,0.1016672,0.09566016,0.08887462
13.54795,0.007105736,0.1011777,0.09517599,0.088416
13.56401,0.00721803,0.1008867,0.0948883,0.08821283
13.57615,0.007336028,0.1006035,0.09460908,0.08802018
13.59036,0.007520333,0.1004386,0.09441908,0.08785576
13.60429,0.007715586,0.1002828,0.09423175,0.08768956
13.61729,0.007916681,0.1001325,0.09404407,0.08752041
13.63388,0.008018826,0.1001271,0.09398796,0.08744124
13.6453,0.008120564,0.1001177,0.09400553,0.08741445
13.66033,0.008161957,0.100337,0.09424579,0.08750719
13.67434,0.008227498,0.1006797,0.0945747,0.08765381
13.68569,0.008388472,0.1012418,0.09505455,0.08794616
13.70123,0.008612483,0.1018699,0.09556295,0.08827362
13.71397,0.008927362,0.1025348,0.09608071,0.08861987
13.72788,0.009196655,0.1034039,0.09663732,0.0889241
13.74349,0.009516371,0.1043076,0.09718098,0.08921953
13.75649,0.009968828,0.1050003,0.0975759,0.08953905
13.7705,0.01053034,0.1056628,0.09794404,0.0898454
13.78461,0.0112057,0.1063038,0.09829429,0.09013963
13.79987,0.01127722,0.1065129,0.09836824,0.0901934
13.81217,0.01132652,0.106705,0.09839635,0.09020651
13.82697,0.01130019,0.106668,0.09846897,0.09037772
13.84371,0.01125884,0.106509,0.09853414,0.09055191
13.85436,0.01112895,0.1061126,0.0986202,0.09087359
13.86749,0.01099185,0.1056708,0.09868685,0.09116901
13.88161,0.01084224,0.1052041,0.09875755,0.09147647
13.89697,0.01070284,0.1047232,0.09870977,0.09173481
13.91146,0.01056177,0.1042653,0.09866192,0.0919968
13.9239,0.0103819,0.1037428,0.09843514,0.09202176
13.93891,0.01020297,0.1032464,0.09820897,0.0920395
13.95114,0.01003105,0.1027687,0.09798779,0.09205615
13.96678,0.01002505,0.1023264,0.09766208,0.09180997
13.97919,0.01005501,0.1018934,0.09734814,0.09158527
13.99393,0.01003494,0.1013222,0.09673552,0.09110697
14.00934,0.01002492,0.1007477,0.09612756,0.09064896
14.02044,0.009969082,0.09999152,0.09498472,0.08979242
14.03468,0.009908328,0.09922639,0.09384038,0.08874045
14.05084,0.009851273,0.09846404,0.09262035,0.0875629
14.06391,0.009687901,0.09729809,0.09016471,0.08521038
14.07804,0.009527473,0.09613991,0.08768363,0.08287873
14.09119,0.009301114,0.09516738,0.0854593,0.08076303
14.10649,0.009085896,0.09421355,0.08341563,0.07884186
14.11873,0.008879283,0.09326464,0.08150661,0.07706209
14.13406,0.008589072,0.09252623,0.08037277,0.07584643
14.1468,0.008262239,0.09173688,0.07920039,0.07463727
14.16178,0.007938923,0.09099736,0.07822215,0.07367069
14.17572,0.007638397,0.09023131,0.07721583,0.07269357
14.18787,0.007434425,0.08949995,0.07646956,0.07197152
14.20219,0.007273938,0.08877851,0.07572845,0.07125747
14.21632,0.007149352,0.08807059,0.07499341,0.07055211
14.23087,0.007075499,0.08736207,0.07426842,0.06983542
14.24442,0.007011116,0.08666003,0.07354372,0.06912573
14.26077,0.007013448,0.08598477,0.07292636,0.06850915
14.27287,0.007024279,0.08531547,0.0723151,0.06790794
14.28543,0.007040581,0.08464699,0.07170289,0.06731691
14.29978,0.00704035,0.08391164,0.07114846,0.06682269
14.31333,0.007037539,0.08317292,0.07059205,0.0663391
14.32796,0.00697103,0.08245868,0.07007538,0.06593866
14.34203,0.006892646,0.08175852,0.06956135,0.06555072
14.3546,0.006851435,0.08113233,0.0691061,0.06526424
14.36948,0.006815447,0.08052786,0.06865944,0.06499231
14.38243,0.006789663,0.07994167,0.06821875,0.06473086
14.39794,0.006813851,0.0794616,0.06781385,0.06447615
14.41124,0.006853445,0.07899406,0.06741354,0.06422507
14.42506,0.006857897,0.07857648,0.0670815,0.06400148
14.4394,0.006859531,0.0781728,0.06676005,0.06378617
14.45258,0.006858274,0.0777759,0.066443,0.06357599
14.47119,0.006816087,0.07745056,0.06615198,0.06337492
14.48081,0.006778904,0.07713042,0.06586418,0.06317765
14.49469,0.006745252,0.07680347,0.06560714,0.06300078
14.50903,0.006719511,0.07647945,0.06535419,0.06282997
14.52275,0.00672183,0.07614242,0.06509278,0.06266865
14.53669,0.006734291,0.07580605,0.06483162,0.06251412
14.55005,0.006754181,0.07547206,0.06457125,0.06236628
14.56465,0.006772252,0.0751894,0.06436067,0.06225643
14.57881,0.006798363,0.07491244,0.06415454,0.06215352
14.59242,0.006790548,0.07468026,0.06398997,0.06207595
14.6073,0.006777378,0.07445724,0.06383254,0.06200479
14.61999,0.0067606,0.0742395,0.06367899,0.06193817
14.63436,0.006751471,0.07408885,0.06357174,0.06189278
14.64866,0.006744873,0.07394509,0.06346969,0.06185158
14.66253,0.00676536,0.07383764,0.06338621,0.06181763
14.67958,0.006795176,0.07373635,0.06330676,0.06178628
14.68946,0.00680407,0.0736346,0.06321213,0.06173782
14.70455,0.006814524,0.07353488,0.06311589,0.06168656
14.71713,0.006826973,0.07343661,0.06301812,0.06163312
14.73278,0.006828038,0.07335035,0.06292111,0.06158073
14.74625,0.006836628,0.07326618,0.06282322,0.06152769
14.75938,0.006843316,0.07318745,0.06271896,0.06146706
14.77328,0.006872473,0.07311204,0.06261411,0.0614053
14.78697,0.006931312,0.07303903,0.06250855,0.06134256
14.8012,0.006931018,0.07298662,0.06244642,0.06129241
14.81578,0.00691897,0.07293754,0.0623888,0.06124362
14.82967,0.006905591,0.07290538,0.06236092,0.06122347
14.84348,0.00689013,0.07287706,0.06233908,0.06120809
14.85644,0.00687327,0.07287261,0.06234264,0.06122657
14.87017,0.006858414,0.07287355,0.06235325,0.06125208
14.88705,0.00684573,0.0728787,0.06236941,0.06128247
14.89926,0.006855029,0.07290407,0.06241186,0.06132545
14.91337,0.006868344,0.07293322,0.06245775,0.06137077
14.92735,0.006895145,0.07296231,0.06251235,0.0614345
14.94115,0.006924556,0.07299245,0.06257919,0.06151097
14.95484,0.006955552,0.0730234,0.0626575,0.06159919
14.96867,0.006991141,0.0730599,0.06273133,0.06168815
14.98197,0.007025989,0.07310282,0.06280986,0.06178387
14.99621,0.007054821,0.07314629,0.06289975,0.06187193
15.01137,0.007082849,0.07319269,0.06299389,0.0619602
15.02301,0.007110713,0.07324155,0.06309076,0.06204822
15.03871,0.007115451,0.07332281,0.06321115,0.06215423
15.05097,0.007117344,0.07341272,0.06333569,0.06226213
15.06677,0.0071096,0.0735098,0.06346744,0.06236269
15.08033,0.007100039,0.07361201,0.06360115,0.06246246
15.09586,0.007088106,0.0737056,0.0637156,0.06257019
15.10933,0.007072186,0.07379819,0.06382543,0.0626778
15.12142,0.007051816,0.07388981,0.06393204,0.06278566
15.13612,0.007035393,0.07397321,0.06404054,0.0628737
15.14941,0.007013545,0.0740546,0.06414755,0.06295942
15.16374,0.006997323,0.0741038,0.06421009,0.06302834
15.17854,0.006979083,0.07414699,0.064266,0.06309451
15.19117,0.00696187,0.07418573,0.06431732,0.06315885
15.20545,0.006987461,0.07420987,0.06435775,0.06322227
15.21886,0.007025485,0.07423003,0.06439465,0.06328462
15.23313,0.007047859,0.07425804,0.06442744,0.0633328
15.24751,0.007073442,0.0742856,0.06445811,0.0633788
15.26141,0.007108883,0.07431188,0.0644793,0.06340757
15.27571,0.007146211,0.07433686,0.0644974,0.06343196
15.28923,0.007187208,0.0743618,0.06451356,0.06345368
15.3052,0.007228299,0.07438453,0.06452606,0.06346093
15.31671,0.007271361,0.07440688,0.06453737,0.06346571
15.33058,0.007280617,0.07442178,0.06453495,0.06346146
15.34561,0.007281625,0.07443491,0.06452969,0.06345485
15.3576,0.007275773,0.07444663,0.06452224,0.06344625
15.37247,0.007272603,0.07445491,0.06451916,0.0634371
15.38595,0.007265778,0.0744619,0.06451538,0.06342688
15.39988,0.007244001,0.07446411,0.06451349,0.06341922
15.41482,0.007222276,0.07446476,0.06451142,0.06341103
15.4285,0.007206984,0.07446711,0.06450987,0.0634049
15.44202,0.00718868,0.07446912,0.0645085,0.06339905
15.45633,0.007166876,0.07447071,0.06450716,0.06339355
15.47121,0.007130739,0.07447589,0.0645142,0.06339657
15.48509,0.007089754,0.07448202,0.06452331,0.06340163
15.5002,0.007082469,0.07448922,0.06453172,0.06341188
15.51682,0.007081095,0.07449698,0.06454107,0.06342497
15.52597,0.007084577,0.07450521,0.06455125,0.06344082
15.5408,0.007093673,0.07452711,0.06458694,0.06347515
15.55352,0.00710498,0.07455239,0.06462963,0.06351653
15.56717,0.007109016,0.07458348,0.06467659,0.06356006
15.58315,0.007109289,0.07461794,0.06472802,0.0636073
15.59544,0.007107332,0.07466665,0.0647877,0.06366787
15.60897,0.007101235,0.07472184,0.06485175,0.06373376
15.62284,0.007091095,0.07478215,0.06491895,0.06380352
15.63735,0.007050694,0.07486296,0.06498308,0.06385455
15.651,0.007001522,0.07495064,0.06504766,0.06390324
15.66421,0.006898872,0.07504188,0.06512078,0.06396803
15.67988,0.00678337,0.07513695,0.06519473,0.06403424
15.69128,0.006659785,0.07523613,0.06526979,0.06410218
15.70684,0.00625068,0.07564273,0.0655596,0.06425642
15.72219,0.005900717,0.07614037,0.06590563,0.06443276
15.73457,0.005630392,0.07677396,0.06632411,0.06465376
15.74778,0.005674826,0.07823065,0.06719971,0.06509554
15.76136,0.006098128,0.07943799,0.0679451,0.0655081
15.77546,0.006825304,0.08084967,0.06881007,0.06601603
15.78862,0.007576612,0.08294793,0.07017903,0.0669825
15.80424,0.008325562,0.08504207,0.07158169,0.06806586
15.81763,0.008887901,0.08783171,0.07420976,0.07010809
15.83055,0.009257564,0.08988544,0.07631781,0.07181241
15.84538,0.009644121,0.09319922,0.07983098,0.07474704
15.85831,0.009785899,0.09605541,0.08422796,0.07782249
15.87198,0.009829624,0.09876266,0.08840828,0.08081147
15.88574,0.01028928,0.1013568,0.09166674,0.08379929
15.9004,0.01078977,0.1039258,0.0948915,0.08677275
15.91433,0.01155405,0.1069276,0.09780399,0.08927554
15.93017,0.01241688,0.1099353,0.1007428,0.09181561
15.94198,0.0133511,0.1129457,0.1037035,0.09438606
15.9557,0.01388538,0.1145685,0.1048304,0.09534694
15.96949,0.01441571,0.1163227,0.1061755,0.09649984
15.98466,0.01468626,0.1171556,0.1067343,0.0969126
15.99883,0.0148989,0.1180796,0.1074078,0.09742809
16.01219,0.01499451,0.1184393,0.1074344,0.09735613
16.02572,0.01505911,0.118807,0.1074873,0.09731507
16.04045,0.01510449,0.1191864,0.1075565,0.09729479
16.05387,0.01501495,0.119154,0.107228,0.0969867
16.06797,0.01491658,0.1191338,0.1069567,0.09670774
16.08248,0.01470946,0.1188236,0.1063686,0.09589408
16.09546,0.01442742,0.1184876,0.1054419,0.09480169
16.10946,0.01405215,0.1180641,0.1042787,0.0935651
16.12358,0.01339212,0.1165017,0.1011327,0.0907482
16.14006,0.01263074,0.1143781,0.09767757,0.08774027
16.15274,0.01136034,0.1103089,0.09275629,0.08393736
16.1658,0.009884819,0.1058687,0.08788773,0.08019378
16.17994,0.008625297,0.1012467,0.08339659,0.07681505
16.19282,0.007485391,0.09710163,0.07949828,0.07388967
16.20772,0.006532537,0.09339956,0.07609393,0.07134744
16.22136,0.00598764,0.09015974,0.07393862,0.06948294
16.23672,0.005615175,0.08718126,0.07184456,0.06780546
16.24921,0.005342844,0.08490132,0.07069359,0.06679549
16.26283,0.005097982,0.08277691,0.06950739,0.06585771
16.27812,0.004871999,0.0808278,0.06834462,0.06502213
16.29072,0.004831939,0.07975475,0.06786394,0.06471272
16.30457,0.004799618,0.07866907,0.06731082,0.06436993
16.31952,0.00481673,0.07809391,0.06695601,0.06413897
16.33341,0.004820562,0.07746981,0.06656446,0.06389736
16.34994,0.004817043,0.07715046,0.06637178,0.06379045
16.36159,0.004829571,0.07681677,0.06617034,0.06368563
16.37514,0.004865208,0.07647744,0.06596256,0.06358302
16.38843,0.004898045,0.07630837,0.06585617,0.06353214
16.4026,0.004913871,0.07625749,0.06581723,0.06350842
16.41798,0.004950499,0.07614616,0.06575233,0.06349713
16.42964,0.004991909,0.07604582,0.0656945,0.06349108
16.44444,0.005036975,0.07595173,0.06564303,0.06348887
16.45784,0.00509975,0.07591715,0.06561036,0.06348795
16.47194,0.00516242,0.0758867,0.06558094,0.06348994
16.48771,0.005186807,0.07590102,0.06557968,0.06350099
16.50126,0.005205892,0.07591963,0.06558186,0.06351433
16.51445,0.005221289,0.07594105,0.06558612,0.06352945
16.52716,0.005246347,0.07595137,0.06558094,0.06353445
16.54222,0.005271364,0.07596253,0.065576,0.06353983
16.55797,0.005277715,0.07599472,0.06558564,0.0635534
16.56998,0.005282825,0.07602935,0.06559724,0.06356816
16.58419,0.005305041,0.07604494,0.06560013,0.06359129
16.59739,0.005331391,0.07605886,0.06560244,0.06361701
16.61107,0.005361742,0.07607129,0.06560417,0.06364629
16.6249,0.005378686,0.07607716,0.06560979,0.06368938
16.63897,0.005396503,0.07608123,0.0656161,0.06374008
16.6539,0.005406481,0.0760848,0.06562281,0.06379118
16.66746,0.005417159,0.07608674,0.06562971,0.06384596
16.68227,0.005428925,0.07608712,0.0656369,0.06390297
16.69517,0.005452471,0.07608066,0.06564301,0.06394809
16.70952,0.005476872,0.07607169,0.06564903,0.06399178
16.72302,0.005504133,0.07607284,0.06566447,0.064045
16.73711,0.005531684,0.07607509,0.06568221,0.06409908
16.75092,0.00555003,0.07608612,0.06569575,0.06413505
16.76716,0.005566853,0.07609969,0.06570908,0.06416684
16.77886,0.005583377,0.07611665,0.06572267,0.06419621
16.79197,0.005598844,0.07614005,0.06574773,0.06421907
16.80684,0.005614657,0.07616589,0.06577504,0.0642399
16.82081,0.005640504,0.07616665,0.06577743,0.0642389
16.83496,0.005669937,0.07616366,0.06577574,0.06423371
16.8488,0.005702903,0.07615751,0.06577079,0.06422535
16.86169,0.005722807,0.07614629,0.06576315,0.06421959
16.87717,0.00574184,0.07613253,0.06575342,0.06421232
16.8897,0.005773318,0.07610472,0.06574074,0.06420863
16.90454,0.005809548,0.07607034,0.06572636,0.06420487
16.91787,0.005955208,0.07608286,0.0657177,0.06421646
16.93068,0.006593472,0.07610398,0.06570897,0.06423274
16.9458,0.007994795,0.07613233,0.06570004,0.0642534
16.95881,0.01256781,0.07620471,0.06570864,0.06430151
16.97516,0.0180361,0.07629763,0.06572078,0.0643605
16.9885,0.02527829,0.07633713,0.06571897,0.06440496
17.00218,0.03209285,0.0763732,0.0657159,0.06444952
17.01548,0.03854144,0.07640671,0.06571168,0.06449549
17.02865,0.04132839,0.07647308,0.06574203,0.06451091
17.04393,0.04453179,0.07654334,0.06577708,0.06452474
17.05717,0.04540105,0.07656695,0.06576622,0.06450951
17.07166,0.04674824,0.07658546,0.0657459,0.06448784
17.08551,0.04749873,0.07659778,0.06571547,0.06446371
17.09786,0.04844823,0.07660338,0.06567714,0.06443288
17.11308,0.04951021,0.07660307,0.06563214,0.0643966
17.12624,0.05022376,0.07658622,0.06558502,0.06436314
17.14024,0.05101717,0.07656199,0.06553441,0.06432804
17.15466,0.05163601,0.07653529,0.06548227,0.06430101
17.16829,0.05227148,0.07650547,0.0654291,0.06427574
17.1851,0.05292572,0.07647324,0.06537502,0.06425191
17.19518,0.05319023,0.07645067,0.06532944,0.06420342
17.21001,0.05345039,0.0764292,0.06528501,0.06415173
17.2233,0.05354929,0.07642855,0.06526597,0.06411143
17.23751,0.05360873,0.07643195,0.06525163,0.06407247
17.2512,0.05345385,0.07642956,0.06522779,0.064028
17.26484,0.05324474,0.0764282,0.06520411,0.06398278
17.27952,0.05298092,0.07642781,0.06518067,0.06393705
17.29322,0.05256079,0.07643833,0.06516102,0.06388939
17.30742,0.05209607,0.0764507,0.06514189,0.06384122
17.32179,0.05081376,0.07644796,0.06511955,0.06379677
17.33575,0.0492971,0.07644269,0.06509684,0.06375398
17.34951,0.04762517,0.07643499,0.06507364,0.06371264
17.36344,0.04394604,0.07642657,0.06505746,0.06364769
17.3775,0.04012142,0.07641655,0.06504213,0.06358013
17.39348,0.03462137,0.07638367,0.06504181,0.06351361
17.40553,0.03251309,0.0763608,0.06503988,0.06347231
17.42012,0.02839437,0.076304,0.06502602,0.06342205
17.43399,0.02487279,0.07623922,0.06500885,0.06337661
17.44694,0.02176289,0.07616834,0.06498849,0.0633351
17.46066,0.02039312,0.0760912,0.06494293,0.06331732
17.47493,0.01898112,0.07601083,0.06489161,0.06330352
17.48931,0.0159417,0.07590082,0.06483933,0.06329054
17.5028,0.0130152,0.0757856,0.0647861,0.06328025
17.51702,0.01032986,0.07566582,0.06473214,0.06327131
17.53016,0.007803568,0.07551435,0.06468923,0.06325781
17.54509,0.006633104,0.0753558,0.06464543,0.06323579
17.55921,0.006377689,0.07521751,0.06459431,0.06322731
17.57358,0.006838746,0.07507733,0.06454065,0.06322605
17.58704,0.007195805,0.07496126,0.06450367,0.06326018
17.60342,0.007747849,0.07485019,0.06446947,0.06330993
17.61591,0.008450449,0.07474322,0.06443775,0.06337237
17.62777,0.008436124,0.07461812,0.06438545,0.06343673
17.64222,0.008513029,0.07449141,0.06433067,0.06350521
17.65664,0.008346777,0.07439263,0.06429214,0.06357222
17.67035,0.008236185,0.07429932,0.06425703,0.0636389
17.68487,0.00815916,0.07421017,0.06422484,0.06370554
17.69794,0.00804246,0.0741264,0.06420291,0.06376263
17.71282,0.00793087,0.07404732,0.06418428,0.06381824
17.72624,0.007809239,0.07395247,0.0641401,0.06383853
17.74049,0.00766127,0.0738567,0.06409152,0.06385338
17.75453,0.007502874,0.07376034,0.06403926,0.06386422
17.76645,0.007345548,0.07370917,0.06401602,0.06386238
17.78118,0.007196047,0.07366199,0.06399481,0.06385828
17.79542,0.007056515,0.07361875,0.06397328,0.06385057
17.81132,0.006926846,0.07357738,0.06395226,0.06384178
17.8243,0.006846334,0.07353746,0.06393371,0.06384266
17.8372,0.006782111,0.07349837,0.06391569,0.06384444
17.85098,0.006731701,0.07345961,0.06389779,0.06384688
17.86456,0.006676209,0.07343396,0.06388433,0.06385381
17.87974,0.006627836,0.07341002,0.0638722,0.06386197
17.89252,0.006570504,0.07340893,0.06387534,0.06388177
17.90723,0.006519052,0.07341132,0.06388096,0.06390524
17.92103,0.006475016,0.07341619,0.06388836,0.06393205
17.93441,0.006431989,0.07340519,0.06388473,0.06395254
17.94913,0.006397662,0.07339492,0.06388117,0.06397364
17.96213,0.006361353,0.07337087,0.06385971,0.06398459
17.97658,0.006333074,0.07334451,0.06383426,0.06399382
17.99076,0.006291796,0.07331877,0.0638084,0.06399043
18.00511,0.006247628,0.07329392,0.06378178,0.06398479
18.02112,0.00619852,0.07326894,0.06375331,0.0639768
18.03597,0.006117629,0.07324986,0.06371484,0.06396248
18.04773,0.00602713,0.07323137,0.06367276,0.06394539
18.06174,0.005943948,0.07322425,0.06363367,0.06392397
18.07553,0.005869501,0.07322009,0.06359411,0.06389905
18.08855,0.00580425,0.07321849,0.06355425,0.06387077
18.1017,0.005704661,0.0731978,0.06349234,0.06382465
18.116,0.005600064,0.07317542,0.06342624,0.06377195
18.12994,0.005527322,0.07315951,0.06337445,0.06372005
18.14387,0.005452493,0.07314431,0.06332389,0.06366533
18.15865,0.005360169,0.07310966,0.06325828,0.0635988
18.17291,0.005261958,0.07307078,0.06318978,0.0635284
18.18635,0.00515924,0.07302852,0.06311917,0.06345575
18.19897,0.00508677,0.07298456,0.06305032,0.06339131
18.21331,0.005016109,0.07293932,0.06298178,0.063328
18.22965,0.004973328,0.07291313,0.06294191,0.0632833
18.24132,0.004936192,0.07289012,0.06290755,0.06324253
18.25565,0.004903369,0.07286976,0.06287728,0.06320468
18.26882,0.004896764,0.07285275,0.0628608,0.06320658
18.28245,0.004885724,0.07283755,0.06284777,0.06321428
18.29623,0.004862126,0.07284218,0.06284925,0.06322711
18.30992,0.004837041,0.07284992,0.06285381,0.06324205
18.32525,0.00480862,0.0728484,0.06284918,0.0632556
18.33888,0.004774219,0.07284642,0.06284437,0.0632698
18.35218,0.004738842,0.07284387,0.06283949,0.06328442
18.36594,0.004653918,0.07283624,0.06282427,0.06329111
18.38087,0.004560921,0.07282727,0.06280676,0.0632972
18.39411,0.004393774,0.07283595,0.06279416,0.06329934
18.40803,0.004297062,0.07284182,0.06278414,0.06330165
18.42306,0.004232708,0.07284702,0.06277557,0.06330364
18.43788,0.004049013,0.07285632,0.06276073,0.06329819
18.4505,0.003873056,0.0728661,0.06274556,0.06329131
18.46409,0.003728048,0.07288889,0.06275046,0.06329504
18.47788,0.003589879,0.07291552,0.06275895,0.06330044
18.49147,0.003518156,0.07293588,0.06277062,0.06331465
18.50522,0.003456623,0.072956,0.06278463,0.06333246
18.52028,0.003401375,0.072976,0.06280065,0.0633537
18.53382,0.003372241,0.07301033,0.06282343,0.06336631
18.54733,0.003349719,0.07304785,0.06284951,0.06337894
18.56109,0.003316511,0.07307409,0.06285787,0.06337488
18.57565,0.003284173,0.07309899,0.06286397,0.0633688
18.58931,0.003252246,0.07312286,0.06286814,0.06335906
18.60258,0.003286088,0.07312661,0.06285704,0.06334555
18.61678,0.00332684,0.07312851,0.06283993,0.06332798
18.6302,0.003393756,0.07313198,0.06281736,0.06328291
18.64727,0.003501051,0.07313446,0.06279074,0.06322801
18.66056,0.003655815,0.07313261,0.06276632,0.06318089
18.67249,0.003878232,0.07312779,0.06274003,0.06313261
18.68692,0.004155492,0.07312029,0.06271226,0.06308368
18.7002,0.00429973,0.07311342,0.06269851,0.06306127
18.71465,0.00440492,0.07310504,0.06268639,0.06304212
18.72842,0.004488315,0.07312029,0.06270862,0.06305416
18.74229,0.004547493,0.07313894,0.06273685,0.06307112
18.75764,0.00459079,0.07316397,0.06276986,0.06309158
18.76893,0.004895604,0.07324114,0.06283049,0.06312469
18.78333,0.005256068,0.07334022,0.06290571,0.06316456
18.79793,0.005608583,0.07346513,0.06298561,0.06321554
18.81242,0.005963344,0.07360854,0.06307574,0.06327608
18.82597,0.006429589,0.07377198,0.0631539,0.06333011
18.83898,0.006908568,0.07394766,0.06323311,0.06338605
18.85581,0.007388768,0.07413189,0.06331293,0.06344335
18.86794,0.007535096,0.07431173,0.06338028,0.06349412
18.8815,0.007629455,0.07449326,0.06344691,0.06354456
18.89539,0.00764868,0.07464354,0.06349101,0.06357024
18.9087,0.007643878,0.0747872,0.06353014,0.06359071
18.92335,0.007630511,0.07492632,0.06356539,0.06360714
18.93682,0.007457159,0.07499774,0.06356198,0.06360315
18.95028,0.007336499,0.07506157,0.06355321,0.06359572
18.96435,0.007133196,0.07505707,0.0635124,0.06356487
18.97846,0.00699194,0.07504393,0.06346198,0.06351632
18.9938,0.006829906,0.07497931,0.06337321,0.06341845
19.00587,0.006688555,0.0749036,0.06325924,0.06329098
19.02002,0.006532862,0.07479206,0.06312457,0.06314132
19.03385,0.006295176,0.07462145,0.062945,0.06294698
19.04776,0.006064138,0.07441977,0.06274936,0.06274032
19.06509,0.005922338,0.07426675,0.06263054,0.0626112
19.07771,0.005812752,0.07412031,0.06252376,0.06249537
19.09066,0.005735556,0.07398081,0.06242616,0.06238902
19.1038,0.005970674,0.07393877,0.06240989,0.06234165
19.11757,0.00622936,0.07390676,0.06240221,0.06229978
19.13118,0.006908713,0.07391135,0.06243588,0.06235106
19.14651,0.007709703,0.07392241,0.06247274,0.06240394
19.15999,0.008603472,0.07393418,0.06251115,0.0624555
19.17253,0.009316962,0.07398897,0.06267168,0.06258687
19.18737,0.0100379,0.07407747,0.06289271,0.06278325
19.20071,0.01025029,0.07424001,0.06321236,0.06309921
19.21556,0.01042934,0.07443918,0.06356625,0.06345233
19.22928,0.01016443,0.07463145,0.06387258,0.06376344
19.24377,0.009928048,0.07482596,0.06416525,0.06405602
19.25801,0.009719259,0.07501918,0.06444548,0.06433212
19.27361,0.009551749,0.07520229,0.06468901,0.06455007
19.28565,0.00938134,0.07537894,0.06492372,0.06475778
19.29885,0.009142701,0.07554404,0.06511407,0.06495649
19.31355,0.008808355,0.07572386,0.06531094,0.06518396
19.32733,0.008492629,0.07585818,0.06545369,0.06534459
19.3407,0.008147567,0.07598838,0.06559181,0.06550497
19.35453,0.007832148,0.0760823,0.06570877,0.06566709
19.36842,0.007539351,0.07616252,0.06581279,0.06581603
19.38238,0.007182109,0.07627195,0.06593981,0.06597633
19.39677,0.006876046,0.07636299,0.06604417,0.06610232
19.4109,0.006503017,0.07648192,0.06617802,0.06626441
19.42517,0.006119413,0.07661216,0.06632641,0.06643856
19.43811,0.005753929,0.0767409,0.06647209,0.06660669
19.45244,0.005410036,0.07683444,0.06657861,0.06667634
19.46614,0.005061939,0.0769222,0.06667832,0.06673604
19.48293,0.004705301,0.076913,0.06671979,0.0667485
19.49469,0.004451779,0.07689019,0.06674834,0.06675345
19.5075,0.004318324,0.07685918,0.06676704,0.06675339
19.52265,0.004340964,0.07678308,0.06669901,0.06668665
19.53532,0.00437257,0.07668875,0.06664308,0.06662107
19.54939,0.00423273,0.07659312,0.06656455,0.06652261
19.56417,0.004026052,0.07648173,0.06645467,0.0663968
19.57835,0.003774313,0.0763598,0.06631874,0.06625201
19.59145,0.003491401,0.07619164,0.06610927,0.06605825
19.60534,0.003208018,0.07601382,0.06587671,0.06585366
19.61949,0.002826292,0.07588378,0.06567419,0.06569135
19.63334,0.002512781,0.07576148,0.06547564,0.06553635
19.64991,0.002302833,0.07567759,0.06530735,0.06541722
19.66168,0.002212165,0.07560452,0.06514907,0.06530757
19.67512,0.002208288,0.07553945,0.06499871,0.06520465
19.69143,0.00228965,0.07544847,0.06481623,0.06506954
19.70343,0.002556451,0.0753577,0.064634,0.06493459
19.7178,0.003049588,0.07527839,0.06444973,0.06478883
19.7308,0.003686106,0.07520277,0.06426761,0.0646432
19.74521,0.004406125,0.07513027,0.06408594,0.06449509
19.76035,0.004915053,0.07506195,0.06394051,0.06433915
19.77341,0.005398582,0.07499514,0.0637972,0.06418137
19.78702,0.005603741,0.0749828,0.06373759,0.06407896
19.80028,0.005780885,0.07497765,0.06368554,0.06398103
19.81425,0.005890043,0.07498641,0.06366066,0.06392088
19.82857,0.005980012,0.07500128,0.06364249,0.0638672
19.84211,0.00604326,0.07502126,0.06362944,0.06381824
19.85594,0.00606574,0.07505344,0.06364191,0.0637908
19.86919,0.006079225,0.07508926,0.06365859,0.06376743
19.88426,0.006156545,0.07511409,0.06366768,0.06375588
19.90157,0.006254852,0.07513986,0.06367797,0.06374785
19.91211,0.006373754,0.07516695,0.0636895,0.06374273
19.9269,0.0063932,0.07517961,0.06368416,0.06372493
19.93909,0.006410968,0.07519046,0.06367745,0.0637071
19.9535,0.006388914,0.07518618,0.06364715,0.06367991
19.96697,0.006358634,0.0751777,0.06361096,0.06365056
19.98222,0.006304034,0.0751714,0.06357998,0.06362306
19.99572,0.006241086,0.07516382,0.06354753,0.06359465
20.00873,0.006171721,0.07515525,0.06351399,0.06356543
20.02231,0.006077489,0.07511703,0.063457,0.06351863
20.03648,0.00597609,0.07507085,0.06339423,0.06346741
20.05054,0.005911813,0.07503012,0.06334154,0.06341767
20.06605,0.005843817,0.0749868,0.06328893,0.06336679
20.08036,0.005771335,0.07494123,0.06323619,0.06331482
20.09354,0.005700651,0.07486256,0.06315377,0.06325757
20.1095,0.005623407,0.07477623,0.06306611,0.06319929
20.12141,0.005487553,0.07471827,0.06302163,0.06316179
20.13465,0.005340475,0.07466312,0.06298295,0.06312775
20.14895,0.005203632,0.07461325,0.06295105,0.0631007
20.16271,0.005071891,0.07456627,0.06292336,0.06307712
20.17568,0.004947874,0.07452165,0.06289896,0.06305639
20.18964,0.004834173,0.07448936,0.06288501,0.06304709
20.20379,0.004734471,0.07446017,0.06287421,0.06304061
20.21837,0.004678189,0.07442696,0.06285881,0.06303664
20.23266,0.00463458,0.07439457,0.06284408,0.06303445
20.24641,0.004600793,0.07436265,0.06282986,0.06303333
20.26025,0.00458665,0.07434371,0.06281857,0.06302974
20.27341,0.004579527,0.07432678,0.06280788,0.06302629
20.28823,0.004559126,0.07429906,0.06279483,0.06302851
20.30124,0.004537741,0.07427011,0.06278157,0.06303182
20.31848,0.004495805,0.0742318,0.06275859,0.06303312
20.32987,0.004450404,0.07419032,0.06273282,0.06303445
20.3442,0.004403446,0.07414605,0.06270462,0.06303576
20.35732,0.004374623,0.07410036,0.06267224,0.06302721
20.37067,0.004351029,0.07405303,0.0626376,0.0630167
20.38472,0.004355674,0.07400027,0.06259671,0.06301094
20.39916,0.00436505,0.07394586,0.06255332,0.06300541
20.41331,0.004377344,0.07388984,0.06250767,0.06300001
20.42787,0.00438142,0.07383692,0.06245854,0.06297892
20.44095,0.004382964,0.07378384,0.06240782,0.0629547
20.45579,0.004422011,0.07373347,0.06235396,0.06293356
20.46861,0.004476959,0.07368366,0.06229881,0.06291181
20.48278,0.004534345,0.0736504,0.06225628,0.06289762
20.49728,0.004603905,0.073621,0.06221645,0.06288509
20.51065,0.004684437,0.07359456,0.0621788,0.06287376
20.52775,0.004788669,0.07356426,0.06214614,0.06286241
20.53876,0.004900704,0.0735343,0.06211508,0.0628516
20.55184,0.004958086,0.07351371,0.06210011,0.06284373
20.56732,0.005004452,0.07349493,0.0620889,0.06283649
20.58029,0.005041999,0.07347757,0.0620808,0.06283001
20.59482,0.00498956,0.07346182,0.06207336,0.06281938
20.60753,0.004924792,0.07344683,0.06206739,0.06280844
20.62187,0.004859408,0.07343809,0.06206701,0.06280091
20.63565,0.004787853,0.0734308,0.06206834,0.06279403
20.6514,0.004711252,0.07342484,0.06207107,0.06278779
20.66422,0.00465264,0.0734157,0.06206928,0.06277297
20.67688,0.004592801,0.07340716,0.06206787,0.06275695
20.69115,0.004560963,0.07340518,0.06207282,0.06274998
20.70535,0.004534623,0.07340454,0.06207907,0.06274415
20.71875,0.004514148,0.07341322,0.06208468,0.06273759
20.73607,0.004497771,0.07342449,0.0620905,0.06273131
20.74698,0.004485101,0.07343808,0.0620965,0.06272528
20.76154,0.004475219,0.07345466,0.06210783,0.0627267
20.77476,0.004467851,0.07347277,0.06212024,0.06272931
20.78922,0.004436597,0.07348541,0.06213065,0.06273272
20.80296,0.004403717,0.07349832,0.06214153,0.06273677
20.8188,0.004371961,0.07351151,0.06215277,0.06274154
20.83098,0.004337027,0.07353521,0.06217587,0.06275242
20.84478,0.004303797,0.07356085,0.06220146,0.06276526
20.85788,0.004286212,0.07357524,0.06221404,0.06276819
20.8714,0.004272241,0.07358855,0.06222535,0.06277023
20.8859,0.004248246,0.07358687,0.06222491,0.06276955
20.90061,0.004225308,0.07358272,0.06222221,0.06276777
20.91436,0.004202429,0.07357537,0.06221704,0.06276461
20.92793,0.004191568,0.07356666,0.06220771,0.06276116
20.94493,0.004182766,0.07355528,0.06219526,0.06275693
20.95643,0.004173922,0.0735489,0.0621914,0.06275514
20.9703,0.004166239,0.07354281,0.06218822,0.06275367
20.98327,0.004159598,0.07353722,0.06218581,0.06275248
20.9979,0.004139372,0.07352438,0.06218377,0.0627437
21.01134,0.004118709,0.07351009,0.0621819,0.0627335
21.02562,0.004109193,0.07349139,0.06217608,0.06272267
21.03982,0.004101566,0.07347091,0.06216949,0.0627108
21.05317,0.00407286,0.07344813,0.06215894,0.06269661
21.0686,0.004039537,0.07342381,0.06214697,0.06268124
21.08161,0.004002746,0.07339814,0.06213363,0.06266477
21.0951,0.004007487,0.07336346,0.06212041,0.0626558
21.10855,0.004017478,0.07332576,0.06210631,0.06264779
21.12253,0.004017974,0.07328928,0.06208807,0.0626399
21.1364,0.00401953,0.07325183,0.06206836,0.06263252
21.15371,0.004022192,0.07321355,0.06204716,0.06262545
21.16443,0.004021789,0.07319299,0.06202977,0.06261299
21.17795,0.004021428,0.07317492,0.06201221,0.06259987
21.19203,0.004025626,0.07316767,0.06199874,0.06259102
21.20677,0.004033004,0.07316371,0.06198619,0.06258276
21.22051,0.004026727,0.07317743,0.0619897,0.06257913
21.23464,0.00401804,0.07319653,0.06199751,0.06257695
21.24796,0.004006792,0.07321969,0.06200886,0.06257612
21.26275,0.003998793,0.07324956,0.06202446,0.06257379
21.27558,0.003990093,0.07328562,0.06204284,0.06257179
21.28956,0.0039918,0.07330877,0.06205729,0.06256381
21.30433,0.003994346,0.07333134,0.06207258,0.06255486
21.31874,0.003999752,0.0733535,0.06208874,0.06254514
21.33213,0.004006146,0.07334744,0.0620844,0.06253527
21.34549,0.004015759,0.07333723,0.06207748,0.06252487
21.36278,0.004045156,0.07332389,0.06206903,0.06251038
21.37421,0.004082713,0.07330745,0.06205845,0.06249447
21.38739,0.004146109,0.07329354,0.06204947,0.06248345
21.40296,0.004222781,0.07327814,0.06203974,0.06247315
21.41542,0.004309474,0.07326153,0.06202926,0.06246341
21.42931,0.004359099,0.0732595,0.06202539,0.06244948
21.44306,0.004409063,0.07325968,0.06202249,0.06243512
21.45776,0.004468467,0.07326269,0.06201972,0.06242038
21.47158,0.004535325,0.07326725,0.06201751,0.06240542
21.48527,0.00461087,0.07327314,0.0620158,0.06239013
21.49923,0.004662061,0.07327336,0.06201218,0.06238079
21.51197,0.004710297,0.07327364,0.06200849,0.06237225
21.52643,0.004733545,0.07327192,0.06200791,0.06236432
21.53971,0.004751239,0.07326957,0.06200746,0.06235614
21.55386,0.004772856,0.07326417,0.06200408,0.06235496
21.57221,0.004791345,0.07325748,0.06200013,0.06235571
21.58193,0.00480644,0.07324957,0.06199559,0.06235855
21.59641,0.004837206,0.07327016,0.06201328,0.06238642
21.60959,0.004870657,0.07329811,0.0620368,0.06242296
21.62351,0.005269066,0.07337835,0.06210117,0.06248901
21.63858,0.005820309,0.07348117,0.06218184,0.06256804
21.65231,0.006517679,0.07360414,0.06227705,0.06265856
21.66681,0.01071246,0.07432538,0.06287193,0.0630303
21.67949,0.0157892,0.07522716,0.06361399,0.06348553
21.69454,0.02137037,0.07843154,0.06650682,0.0652285
21.70754,0.02682984,0.08193766,0.06955574,0.06719703
21.72268,0.03204404,0.08547744,0.07247762,0.06921335
21.73654,0.03670895,0.09067407,0.07697366,0.07329042
21.74886,0.04121745,0.09607736,0.0815688,0.07752876
21.76366,0.04265464,0.101096,0.08648842,0.08358375
21.78153,0.0443629,0.1062479,0.09130868,0.08925617
21.79196,0.04418755,0.1082609,0.09484152,0.09341359
21.80542,0.04415443,0.1106416,0.09841072,0.09746373
21.81941,0.04411661,0.1132871,0.1020911,0.101563
21.83322,0.04276983,0.1136353,0.1040888,0.1033515
21.84745,0.04133373,0.1144528,0.1065093,0.1057452
21.86237,0.03989892,0.1150213,0.1075945,0.1063108
21.87472,0.03847591,0.1157758,0.1089989,0.107382
21.88874,0.03710731,0.1166467,0.1105787,0.1086956
21.90318,0.03437156,0.1172105,0.1114686,0.1090164
21.91668,0.03095642,0.1179063,0.112553,0.1095957
21.93071,0.02695697,0.1197047,0.1139369,0.1103834
21.94468,0.02348221,0.1216758,0.1154349,0.1113762
21.95961,0.02272359,0.1242236,0.1174897,0.1127237
21.97196,0.02225142,0.1264932,0.1193674,0.1137229
21.99034,0.02191187,0.1287078,0.1212751,0.1146048
21.99995,0.02224897,0.1317554,0.1235836,0.1158479
22.0131,0.02283949,0.1345818,0.1257768,0.1171021
22.02745,0.02443713,0.1389751,0.1300581,0.1198954
22.04113,0.0261675,0.1431285,0.1344293,0.1229256
22.05602,0.02788603,0.1472873,0.1388836,0.126225
22.06982,0.03003703,0.1526616,0.1452228,0.1317204
22.0831,0.03218485,0.1578535,0.1509565,0.1364918
22.0973,0.0347284,0.1617045,0.1558838,0.1408183
22.11046,0.03744027,0.1653946,0.1602185,0.144413
22.12473,0.03916964,0.1668725,0.1618769,0.1463217
22.1397,0.04091999,0.168495,0.1637024,0.1481792
22.15358,0.04266055,0.1701573,0.1655481,0.149912
22.16751,0.04338975,0.1702636,0.1656298,0.1501337
22.18075,0.04408806,0.1705967,0.1660123,0.1506016
22.19795,0.04546116,0.1705814,0.1659703,0.1505763
22.20892,0.04684778,0.1706491,0.1660435,0.1506695
22.22389,0.0482631,0.1707641,0.1661802,0.1508252
22.23846,0.04989189,0.1711158,0.1662694,0.1507133
22.24997,0.05153094,0.1714973,0.166386,0.1506601
22.26509,0.05233019,0.1718864,0.1663147,0.1504263
22.27875,0.05310838,0.172288,0.1662576,0.1499758
22.29202,0.05378406,0.1725863,0.1661455,0.1490924
22.30669,0.05446503,0.1728711,0.1660007,0.148095
22.32067,0.05514111,0.1731455,0.1657883,0.1470735
22.3356,0.05522703,0.1732841,0.1653414,0.1457939
22.34794,0.05534063,0.1734094,0.1648147,0.1445016
22.3625,0.05528304,0.1735074,0.1642874,0.1435084
22.37578,0.05525633,0.1736007,0.163756,0.1424728
22.38976,0.05521698,0.1736926,0.1632212,0.141374
22.40724,0.05515703,0.1737885,0.1629935,0.1409027
22.41803,0.05510926,0.1738431,0.1629121,0.1408958
22.43137,0.05499115,0.173988,0.1628414,0.1404788
22.44543,0.05486697,0.1741443,0.1627891,0.1400649
22.45887,0.05478326,0.1742202,0.1627322,0.1397581
22.4736,0.05469403,0.1742823,0.1626792,0.1394502
22.48809,0.05459343,0.1743351,0.1626278,0.1391399
22.50174,0.05438663,0.1743337,0.1625306,0.1388065
22.51506,0.05414609,0.1743224,0.162422,0.1384625
22.52895,0.05381816,0.1742469,0.1622528,0.1381083
22.54314,0.05344374,0.1741576,0.1620571,0.1377493
22.55803,0.05302392,0.1740477,0.1618384,0.1373848
22.57146,0.0521243,0.1738945,0.1615631,0.1369059
22.58443,0.05109058,0.1737051,0.1612667,0.1364148
22.59863,0.04958402,0.1733765,0.1607149,0.1355422
22.61521,0.04796311,0.1730641,0.1601464,0.134858
22.62705,0.04676284,0.1728639,0.1597258,0.1343621
22.64077,0.04563484,0.1727541,0.1593483,0.1339293
22.65516,0.04496685,0.1728241,0.1590347,0.1336331
22.66857,0.04444594,0.1729597,0.1588074,0.1333929
22.68242,0.04410087,0.1730686,0.1586385,0.1334485
22.69642,0.04384455,0.1731429,0.1585516,0.133507
22.7279,0.04350325,0.1732816,0.1583783,0.1338941
22.73917,0.04333624,0.1733821,0.1585725,0.1344231
22.75323,0.04337528,0.1735053,0.1588526,0.135009
22.76658,0.04362105,0.1736256,0.1591184,0.1356928
22.78027,0.04362105,0.1736256,0.1591184,0.1356928
