Time,Dist8_0,Dist12_0,Dist16_0,Dist20_0
0,0.9473459,0.9954391,0.9295832,0.7991331
0.02,0.9473459,0.9954391,0.9295832,0.7991331
0.04,0.9473459,0.9954391,0.9295832,0.7991331
0.1580331,0.9473459,0.9954391,0.9295832,0.7991331
0.1805346,0.9473459,0.9954391,0.9295832,0.7991331
0.1932215,0.9473459,0.9954391,0.9295832,0.7991331
0.2036178,0.9473459,0.9954391,0.9295832,0.7991331
0.2146574,0.9473459,0.9954391,0.9295832,0.7991331
0.2304164,0.9473459,0.9954391,0.9295832,0.7991331
0.2445886,0.9473459,0.9954391,0.9295832,0.7991331
0.2583335,0.9473459,0.9954391,0.9295832,0.7991331
0.2718868,0.9473459,0.9954391,0.9295832,0.7991331
0.2866004,0.9473459,0.9954391,0.9295832,0.7991331
0.3004549,0.9473459,0.9954391,0.9295832,0.7991331
0.3141653,0.9473459,0.9954391,0.9295832,0.7991331
0.3281681,0.9473459,0.9954391,0.9295832,0.7991331
0.3409464,0.9473459,0.9954391,0.9295832,0.7991331
0.3555501,0.9473459,0.9954391,0.9295832,0.7991331
0.3685244,0.9473459,0.9954391,0.9295832,0.7991331
0.3848384,0.9473459,0.9954391,0.9295832,0.7991331
0.399272,0.9473459,0.9954391,0.9295832,0.7991331
0.4122409,0.9473459,0.9954391,0.9295832,0.7991331
0.4262314,0.9473459,0.9954391,0.9295832,0.7991331
0.4388079,0.9473459,0.9954391,0.9295832,0.7991331
0.4513878,0.9473459,0.9954391,0.9295832,0.7991331
0.4656341,0.9473459,0.9954391,0.9295832,0.7991331
0.4808371,0.9473459,0.9954391,0.9295832,0.7991331
0.4931597,0.9473459,0.9954391,0.9295832,0.7991331
0.5082461,0.9473459,0.9954391,0.9295832,0.7991331
0.5221835,0.9473459,0.9954391,0.9295832,0.7991331
0.5346236,0.9473459,0.9954391,0.9295832,0.7991331
0.5486756,0.9473459,0.9954391,0.9295832,0.7991331
0.5621341,0.9473459,0.9954391,0.9295832,0.7991331
0.5763783,0.9473459,0.9954391,0.9295832,0.7991331
0.5899891,0.9473459,0.9954391,0.9295832,0.7991331
0.6049802,0.9473459,0.9954391,0.9295832,0.7991331
0.6186181,0.9473459,0.9954391,0.9295832,0.7991331
0.6319948,0.9473459,0.9954391,0.9295832,0.7991331
0.6468164,0.9473459,0.9954391,0.9295832,0.7991331
0.6602156,0.9473459,0.9954391,0.9295832,0.7991331
0.6744565,0.9473459,0.9954391,0.9295832,0.7991331
0.6885224,0.9473459,0.9954391,0.9295832,0.7991331
0.7022908,0.9473459,0.9954391,0.9295832,0.7991331
0.7165387,0.9473459,0.9954391,0.9295832,0.7991331
0.730698,0.9473459,0.9954391,0.9295832,0.7991331
0.7445835,0.9473459,0.9954391,0.9295832,0.7991331
0.7581357,0.9473459,0.9954391,0.9295832,0.7991331
0.7725268,0.9473459,0.9954391,0.9295832,0.7991331
0.7862124,0.9473459,0.9954391,0.9295832,0.7991331
0.8006596,0.9473459,0.9954391,0.9295832,0.7991331
0.815186,0.9473459,0.9954391,0.9295832,0.7991331
0.8280747,0.9473459,0.9954391,0.9295832,0.7991331
0.8420856,0.9473459,0.9954391,0.9295832,0.7991331
0.8564273,0.9473459,0.9954391,0.9295832,0.7991331
0.8700359,0.9473459,0.9954391,0.9295832,0.7991331
0.8838478,0.9473459,0.9954391,0.9295832,0.7991331
0.897963,0.9473459,0.9954391,0.9295832,0.7991331
0.9121506,0.9473459,0.9954391,0.9295832,0.7991331
0.9257504,0.9473459,0.9954391,0.9295832,0.7991331
0.9396654,0.9473459,0.9954391,0.9295832,0.7991331
0.9531766,0.9473459,0.9954391,0.9295832,0.7991331
0.9675419,0.9473459,0.9954391,0.9295832,0.7991331
0.9819608,0.9473459,0.9954391,0.9295832,0.7991331
0.9954252,0.9473459,0.9954391,0.9295832,0.7991331
1.009736,0.9473459,0.9954391,0.9295832,0.7991331
1.024549,0.9473459,0.9954391,0.9295832,0.7991331
1.037155,0.9473459,0.9954391,0.9295832,0.7991331
1.051182,0.9473459,0.9954391,0.9295832,0.7991331
1.065628,0.9473459,0.9954391,0.9295832,0.7991331
1.080229,0.9473459,0.9954391,0.9295832,0.7991331
1.09317,0.9473459,0.9954391,0.9295832,0.7991331
1.106861,0.9473459,0.9954391,0.9295832,0.7991331
1.128246,0.9473459,0.9954391,0.9295832,0.7991331
1.13565,0.9473459,0.9954391,0.9295832,0.7991331
1.15069,0.9473459,0.9954391,0.9295832,0.7991331
1.164556,0.9473459,0.9954391,0.9295832,0.7991331
1.177297,0.9473459,0.9954391,0.9295832,0.7991331
1.191955,0.9473459,0.9954391,0.9295832,0.7991331
1.204921,0.9473459,0.9954391,0.9295832,0.7991331
1.218846,0.9473459,0.9954391,0.9295832,0.7991331
1.232911,0.9473459,0.9954391,0.9295832,0.7991331
1.246202,0.1800798,0.1880151,0.1787094,0.1581156
1.511211,0.1799212,0.1878792,0.1786484,0.1580658
1.548504,0.179892,0.1878631,0.1786343,0.1580186
1.570759,0.1798781,0.1878541,0.1786266,0.1579989
1.582708,0.1798781,0.1878542,0.1786266,0.1579988
1.595347,0.1798704,0.1878552,0.1786221,0.1579837
1.609058,0.1798612,0.1878547,0.1786163,0.1579673
1.624159,0.1798508,0.1878488,0.1786032,0.1579508
1.637543,0.1798508,0.1878489,0.1786032,0.1579507
1.652421,0.1798796,0.187866,0.1786099,0.1579511
1.667478,0.1799132,0.187884,0.1786173,0.1579528
1.682112,0.17995,0.1879053,0.1786252,0.1579555
1.695333,0.1799901,0.1879223,0.1786387,0.1579627
1.70662,0.1800311,0.1879414,0.1786568,0.1579706
1.720737,0.1800579,0.1879511,0.1786678,0.1579813
1.73615,0.1800838,0.18796,0.1786791,0.1579934
1.747483,0.1801092,0.1879683,0.1786905,0.1580071
1.761162,0.1801197,0.1879757,0.1786964,0.1580165
1.773617,0.1801198,0.1879758,0.1786964,0.1580165
1.787269,0.1801196,0.187985,0.1787045,0.1580239
1.800934,0.1801175,0.1879939,0.1787122,0.1580307
1.814535,0.1801139,0.1880023,0.1787198,0.1580369
1.827665,0.180112,0.1880094,0.1787251,0.1580416
1.843079,0.1801095,0.1880163,0.1787302,0.1580459
1.856928,0.1801079,0.1880187,0.1787319,0.1580488
1.869206,0.1801063,0.1880205,0.1787332,0.1580516
1.882571,0.1801013,0.188021,0.1787343,0.1580546
1.896898,0.1800958,0.1880208,0.1787351,0.1580576
1.909495,0.1800894,0.1880204,0.1787358,0.1580606
1.922763,0.1800946,0.1880279,0.1787386,0.1580635
1.939526,0.1801019,0.1880366,0.1787416,0.1580666
1.952348,0.1801141,0.1880427,0.1787424,0.1580658
1.967156,0.1801291,0.1880499,0.1787436,0.1580649
1.978673,0.1801465,0.188058,0.1787447,0.1580629
1.99334,0.1801557,0.1880595,0.1787422,0.1580602
2.006733,0.1801647,0.1880592,0.1787386,0.1580566
2.020619,0.1801527,0.1880528,0.17874,0.1580504
2.034718,0.1801337,0.188044,0.1787418,0.1580431
2.047265,0.1801084,0.1880333,0.178744,0.1580348
2.06181,0.1800755,0.1880124,0.1787372,0.1580296
2.075278,0.1800388,0.1879892,0.1787295,0.1580245
2.0906,0.1800169,0.1879779,0.1787312,0.1580248
2.103346,0.1799955,0.1879677,0.1787338,0.1580266
2.116793,0.1799749,0.1879565,0.1787317,0.1580304
2.131346,0.1799547,0.1879452,0.1787289,0.1580354
2.145823,0.1799346,0.1879334,0.1787252,0.158041
2.159063,0.1799302,0.1879258,0.1787192,0.1580424
2.171982,0.1799271,0.1879181,0.1787122,0.1580433
2.186909,0.1799305,0.1879221,0.1787143,0.1580495
2.203384,0.1799358,0.1879287,0.1787183,0.1580569
2.21314,0.1799428,0.1879391,0.1787238,0.1580652
2.227382,0.179947,0.1879543,0.1787348,0.1580756
2.240843,0.1799523,0.1879728,0.1787476,0.158087
2.255719,0.1799454,0.1879777,0.1787494,0.1580957
2.271121,0.179936,0.187981,0.1787497,0.1581042
2.284183,0.1799172,0.1879837,0.1787483,0.1581092
2.29829,0.1798949,0.1879852,0.1787456,0.1581131
2.31076,0.1798837,0.1879787,0.1787369,0.1581142
2.350309,0.1798662,0.1879224,0.1786798,0.158103
2.371299,0.179863,0.1879054,0.178663,0.158099
2.380166,0.179861,0.1878865,0.1786445,0.1580939
2.394924,0.1798643,0.1878848,0.17864,0.1580922
2.40732,0.1798643,0.1878848,0.17864,0.1580922
2.421664,0.1798713,0.1878805,0.1786329,0.1580899
2.436172,0.179879,0.187876,0.1786259,0.1580876
2.449032,0.1798872,0.1878711,0.1786188,0.1580853
2.464732,0.1798837,0.1878662,0.17861,0.1580809
2.47707,0.1798806,0.1878605,0.1785995,0.1580753
2.491155,0.1798597,0.1877862,0.1784863,0.1580145
2.506403,0.1798318,0.1876882,0.178332,0.1579299
2.520492,0.1797899,0.187565,0.1781483,0.1578233
2.535193,0.1797405,0.1874249,0.1779471,0.1577019
2.54644,0.1796848,0.1872734,0.1777374,0.1575708
2.560899,0.1796407,0.1871574,0.1775658,0.1574437
2.577343,0.1795957,0.187042,0.1773946,0.1573112
2.589049,0.1795627,0.1869942,0.1773193,0.1572198
2.603463,0.1795313,0.1869525,0.1772482,0.1571289
2.616941,0.1795003,0.186915,0.1771816,0.1570387
2.630853,0.1794874,0.1869048,0.1771619,0.1570266
2.644896,0.1794745,0.186898,0.1771438,0.1570122
2.660438,0.1794432,0.1868927,0.1771826,0.1570327
2.672775,0.1794071,0.186891,0.1772196,0.1570495
2.686596,0.1793786,0.1868868,0.1772554,0.1570717
2.700717,0.179349,0.1868839,0.1772895,0.1570914
2.713572,0.1793189,0.186882,0.1773223,0.157109
2.728236,0.1792844,0.1868634,0.1773288,0.1571128
2.742693,0.1792486,0.1868433,0.1773327,0.1571147
2.756602,0.1792293,0.1868362,0.1773305,0.1571105
2.770174,0.1792107,0.1868295,0.1773264,0.1571045
2.786066,0.1791924,0.1868233,0.1773206,0.1570973
2.801385,0.1791738,0.1868318,0.1773265,0.1570976
2.810818,0.1791541,0.186841,0.1773332,0.157098
2.824365,0.1791488,0.1868583,0.1773465,0.1570992
2.838823,0.1791463,0.1868833,0.1773632,0.1571006
2.852998,0.1791437,0.1869208,0.1773981,0.157116
2.867219,0.1791443,0.1869652,0.1774404,0.1571362
2.880902,0.1791472,0.1870147,0.1774887,0.157162
2.895998,0.1791507,0.1870632,0.1775444,0.157197
2.908798,0.1791548,0.1871122,0.1776035,0.1572374
2.923445,0.1791401,0.1871555,0.1776681,0.1572864
2.937851,0.1791207,0.187197,0.177734,0.1573391
2.951075,0.1790977,0.187237,0.1778002,0.1573941
2.967289,0.1790812,0.1872596,0.1778344,0.1574371
2.978702,0.1790642,0.1872795,0.1778656,0.1574791
2.993917,0.1790575,0.1872906,0.1778757,0.1575129
3.008114,0.1790525,0.1872987,0.1778817,0.1575446
3.021554,0.1790534,0.1872516,0.177839,0.157548
3.034705,0.1790563,0.1871933,0.177791,0.1575454
3.048502,0.1790606,0.1871244,0.177719,0.1575384
3.064368,0.1790917,0.1870461,0.1776367,0.157519
3.077412,0.1791268,0.186955,0.1775402,0.1574892
3.091093,0.1791675,0.1869578,0.1775427,0.1574846
3.105629,0.1792112,0.1869785,0.1775521,0.157481
3.118764,0.1792576,0.1870245,0.1775704,0.1574783
3.13329,0.1792449,0.1870381,0.177598,0.1574784
3.146898,0.1792283,0.1870558,0.1776377,0.1574805
3.160676,0.1791528,0.18699,0.1776135,0.1574187
3.174213,0.1790568,0.1869205,0.1775853,0.157344
3.188452,0.1789386,0.1868616,0.1775644,0.1572278
3.205434,0.1787992,0.1867933,0.1775406,0.1570885
3.216642,0.1786424,0.1867168,0.1775121,0.1569315
3.229808,0.1785118,0.1866916,0.1775139,0.1568583
3.24309,0.1783771,0.1866718,0.1775185,0.156791
3.256793,0.1783115,0.1866919,0.1775548,0.1568153
3.271439,0.1782515,0.186721,0.1776098,0.1568522
3.284502,0.1781941,0.1867584,0.1776831,0.1569048
3.300305,0.1781928,0.1867621,0.1777449,0.1569641
3.312463,0.1781995,0.186772,0.1778031,0.1570152
3.326998,0.1782373,0.1867907,0.1778033,0.157026
3.342202,0.1782821,0.1868114,0.1777799,0.1570173
3.355194,0.1783062,0.1868008,0.1777246,0.1569902
3.370189,0.178337,0.1867796,0.1776578,0.1569509
3.383103,0.1783731,0.1867496,0.1775837,0.1569025
3.396821,0.1784275,0.1867727,0.1775696,0.1568979
3.41183,0.1784845,0.1867979,0.1775568,0.1568892
3.424842,0.1786702,0.1869449,0.177629,0.1568636
3.438807,0.1788762,0.187137,0.1777057,0.1567883
3.452434,0.1790891,0.1873606,0.1778274,0.1567064
3.46778,0.1793282,0.1875662,0.177959,0.1565184
3.48019,0.1795537,0.1877719,0.1780826,0.1563227
3.495104,0.1796984,0.1878871,0.1781474,0.1561872
3.50893,0.1798232,0.1879892,0.1781906,0.156058
3.52279,0.1798092,0.1879663,0.1781645,0.1559993
3.537371,0.1797786,0.1879292,0.1781305,0.1559377
3.549374,0.1797377,0.1878833,0.1780922,0.1558726
3.563825,0.1796774,0.1878571,0.1781274,0.1560114
3.577656,0.1796444,0.1878465,0.1781427,0.1560699
3.592004,0.1795896,0.1878415,0.178203,0.1562587
3.607341,0.1795365,0.1878417,0.1783133,0.1565699
3.621517,0.1794846,0.1878459,0.1784562,0.1569162
3.634668,0.1794806,0.1878695,0.1786363,0.1573007
3.647277,0.1794864,0.1878972,0.1788113,0.1576195
3.661961,0.1795159,0.1879338,0.1789471,0.1578283
3.676208,0.1795509,0.1879768,0.1790692,0.1580008
3.690056,0.1795797,0.1880244,0.1791314,0.158078
3.704321,0.1796062,0.1880772,0.1791872,0.158148
3.71696,0.1796275,0.1881324,0.1792392,0.1582124
3.731056,0.1796337,0.1881893,0.1792625,0.1582216
3.745645,0.1796349,0.1882454,0.1792895,0.1582374
3.758878,0.1796166,0.188276,0.1793005,0.158232
3.772843,0.1795931,0.188296,0.1793152,0.1582307
3.786233,0.1795658,0.1883072,0.1793336,0.1582317
3.801061,0.1795477,0.1883175,0.1793599,0.1582318
3.815122,0.1795291,0.1883239,0.1793822,0.1582414
3.831241,0.1795038,0.1883137,0.1793947,0.1582469
3.844988,0.1794779,0.1883013,0.1794036,0.1582484
3.857149,0.1794454,0.1882835,0.1794009,0.1582421
3.871044,0.179412,0.1882651,0.1793949,0.1582318
3.885536,0.1793775,0.1882465,0.1793868,0.1582188
3.899998,0.1793158,0.1881951,0.1793429,0.1581719
3.91206,0.1792473,0.1881393,0.179293,0.1581181
3.926892,0.1791202,0.1880045,0.1791712,0.1580171
3.940847,0.1788779,0.1877688,0.1789804,0.1578548
3.954047,0.1785982,0.1875006,0.178769,0.1576868
3.969345,0.1782936,0.1872133,0.1785434,0.157511
3.982099,0.1779739,0.1869159,0.1783082,0.1573283
3.996069,0.1775866,0.1865634,0.1780154,0.1570741
4.010307,0.1772064,0.1862435,0.1777294,0.1568061
4.025486,0.176821,0.1859274,0.1774388,0.1565252
4.041176,0.1764305,0.1856127,0.1771423,0.1562325
4.053141,0.176034,0.1852968,0.1768384,0.1559284
4.066211,0.1757708,0.1850551,0.176627,0.1557698
4.080722,0.1754864,0.1846994,0.1762943,0.1555476
4.095434,0.1751897,0.1843227,0.1759385,0.1553082
4.108497,0.1748803,0.1839272,0.1755618,0.1550534
4.121681,0.1745581,0.183515,0.1751665,0.1547846
4.136416,0.174082,0.1831458,0.1748539,0.1545504
4.149675,0.1735932,0.1827638,0.1745256,0.1543062
4.163676,0.1730015,0.1822909,0.1741379,0.1539787
4.177608,0.1723984,0.1818054,0.1737354,0.1536412
4.190753,0.1717862,0.1813082,0.1733187,0.1532958
4.205591,0.1716383,0.1812049,0.1732343,0.153179
4.218869,0.1714336,0.1810571,0.1731121,0.1530426
4.233434,0.1712185,0.1809081,0.1729969,0.1529182
4.249906,0.1709626,0.1807196,0.1728445,0.1527736
4.261256,0.1707823,0.1805125,0.1726766,0.152697
4.275569,0.1705595,0.1802495,0.1724564,0.1526247
4.288977,0.1703132,0.1800286,0.1722333,0.1525483
4.303426,0.1700924,0.1798366,0.1720311,0.1524696
4.317471,0.1698885,0.1796575,0.1718438,0.1523892
4.331244,0.1698138,0.1795079,0.1717097,0.152329
4.345397,0.169771,0.1794146,0.1716348,0.1522797
4.359943,0.1697207,0.1793148,0.1715593,0.1522295
4.373692,0.1696587,0.1792039,0.1714782,0.1521761
4.386326,0.1696167,0.1791552,0.1714486,0.1521191
4.400223,0.1695646,0.1790978,0.1714131,0.1520551
4.414211,0.1694872,0.1789968,0.1713482,0.1519553
4.428163,0.1694038,0.1788959,0.1712895,0.1518439
4.443069,0.1693167,0.1787987,0.1712041,0.1517245
4.459337,0.1691976,0.1786105,0.171025,0.1515524
4.470473,0.1690711,0.1783901,0.1708108,0.1513726
4.483616,0.168903,0.1780765,0.1705446,0.1511928
4.497953,0.1687237,0.1777319,0.1702546,0.1510087
4.512072,0.1685215,0.1774093,0.1700218,0.1508706
4.525616,0.1683055,0.1770834,0.1697891,0.150733
4.541359,0.1680784,0.1767568,0.1695571,0.1505944
4.553144,0.1678728,0.1763732,0.1691581,0.1502577
4.56706,0.1676618,0.1759827,0.1687369,0.1498865
4.581233,0.1675049,0.1757269,0.1684504,0.1496288
4.595279,0.1673482,0.1754755,0.1681728,0.1493763
4.610231,0.167191,0.1752273,0.167902,0.1491279
4.624034,0.1670465,0.1749699,0.1676279,0.1488967
4.638374,0.1668946,0.174705,0.1673523,0.1486697
4.65095,0.1667163,0.1744694,0.1671136,0.1484626
4.670096,0.1665295,0.1742324,0.1668768,0.1482591
4.680329,0.1663375,0.1740577,0.1666756,0.1480275
4.692514,0.1661546,0.1739051,0.1664932,0.1478079
4.706414,0.1659694,0.1737589,0.1663124,0.1475829
4.721615,0.1658342,0.1736773,0.1661835,0.1473554
4.735192,0.1657025,0.1736145,0.1660835,0.1471317
4.749389,0.1655622,0.1735744,0.166017,0.1468961
4.763523,0.1654211,0.1735563,0.1659804,0.1466756
4.777463,0.1652777,0.173553,0.1659631,0.1464659
4.790334,0.165164,0.173642,0.1660393,0.1463962
4.805205,0.1650551,0.1737491,0.1661301,0.1463442
4.81915,0.1648905,0.1736739,0.166093,0.1462553
4.832763,0.1647217,0.1735746,0.166039,0.146161
4.846951,0.1645222,0.1734731,0.1660106,0.1460993
4.861733,0.1643169,0.1733622,0.1659777,0.1460361
4.877301,0.16411,0.1732452,0.1659405,0.145969
4.888414,0.1638734,0.1730421,0.1658203,0.1458457
4.902349,0.1636348,0.1728308,0.1656932,0.1457162
4.91725,0.163501,0.1727238,0.1655874,0.1455913
4.930606,0.1633766,0.1726225,0.1654813,0.1454657
4.945281,0.1632558,0.172523,0.165373,0.1453378
4.958067,0.1630961,0.1723089,0.1651163,0.1450921
4.972433,0.162933,0.1720906,0.1648524,0.1448363
4.985652,0.1627524,0.171906,0.1646359,0.1445917
5.000192,0.1625769,0.1717127,0.1644301,0.1443402
5.014504,0.1623754,0.1712878,0.1640508,0.1440606
5.027524,0.1620964,0.1707006,0.1635324,0.1437783
5.042209,0.1617554,0.1700084,0.162916,0.1434705
5.055785,0.1610986,0.1689147,0.1618328,0.143008
5.06873,0.1603696,0.1677659,0.1606736,0.1424747
5.085656,0.1594625,0.1663031,0.159175,0.1418045
5.097554,0.1585571,0.1648906,0.1576956,0.1410948
5.112427,0.1576618,0.1635164,0.1562291,0.1403668
5.124428,0.1568323,0.1625125,0.155042,0.1394848
5.139079,0.156012,0.1615022,0.1538497,0.1386039
5.152195,0.1555238,0.1609833,0.1532167,0.1381015
5.168254,0.1550257,0.1604344,0.152576,0.1376067
5.181229,0.1544846,0.1599607,0.1521585,0.1373133
5.195165,0.1539174,0.1594409,0.1517102,0.1370457
5.208327,0.1533239,0.1588833,0.151234,0.136795
5.221678,0.1526148,0.1582001,0.1507941,0.1366605
5.237221,0.1518594,0.1574836,0.1503153,0.1365167
5.250383,0.1506593,0.1561079,0.1492033,0.1359677
5.265565,0.1493888,0.1545633,0.1479618,0.1353498
5.281135,0.1480636,0.1528384,0.1465501,0.134635
5.294491,0.146284,0.1503947,0.1440498,0.1332484
5.305638,0.1444948,0.1478641,0.1414512,0.1317423
5.319112,0.1401672,0.1430741,0.1357842,0.1285068
5.333069,0.1358619,0.1382764,0.1301856,0.1251862
5.347518,0.1312584,0.1329723,0.1244007,0.1209554
5.36158,0.1267933,0.1278284,0.1189182,0.1169471
5.375733,0.1224438,0.1228205,0.1136584,0.1131459
5.388886,0.1208059,0.1193174,0.109644,0.1083532
5.403398,0.1187373,0.1156674,0.105626,0.1040183
5.417038,0.1178285,0.1130859,0.1026773,0.1007662
5.430819,0.1166816,0.1103944,0.09965119,0.09771073
5.445664,0.1153817,0.1076162,0.09659831,0.09479947
5.458405,0.1149382,0.1059793,0.09472506,0.09306998
5.47276,0.1143558,0.1041598,0.09265576,0.09103391
5.486595,0.1139899,0.1033972,0.09176625,0.09014276
5.503469,0.1135629,0.1024707,0.09066023,0.08896917
5.515706,0.1132783,0.1020468,0.09016137,0.08839972
5.529158,0.1129769,0.1015664,0.08958288,0.08772045
5.543252,0.1126616,0.1010518,0.08896582,0.08700015
5.556971,0.1123897,0.1007226,0.08860231,0.08661956
5.570798,0.1121099,0.1003762,0.08820868,0.08618844
5.584898,0.111452,0.09980173,0.08748669,0.08560246
5.598869,0.1106966,0.0991872,0.08672494,0.08500375
5.612957,0.1098669,0.0985351,0.08593509,0.08437098
5.62672,0.1084478,0.09764823,0.08496029,0.08357503
5.641387,0.1069604,0.09672588,0.08396617,0.08271025
5.65405,0.1055395,0.09587131,0.08302433,0.08189347
5.667982,0.1041553,0.09501778,0.08210434,0.08107433
5.682335,0.1029515,0.09438299,0.08144761,0.08045147
5.69664,0.1017836,0.09377895,0.08082295,0.07985097
5.712061,0.1006439,0.09319612,0.08022084,0.07927148
5.724561,0.1003001,0.09303879,0.07999634,0.07901035
5.737763,0.09995592,0.09289669,0.07977915,0.07875622
5.751359,0.09970774,0.09269418,0.07952586,0.07849999
5.768941,0.09946184,0.09248699,0.07926954,0.07824419
5.780376,0.09921356,0.09229515,0.07900649,0.07798542
5.792344,0.09907649,0.0921981,0.07887616,0.07783969
5.807587,0.09894002,0.0921156,0.07874597,0.07769451
5.820446,0.09874359,0.09194769,0.07856058,0.0775735
5.834489,0.09853286,0.09177201,0.07836775,0.07745413
5.849339,0.09826244,0.09152125,0.07812715,0.07729735
5.863178,0.09796868,0.09125039,0.07787523,0.077135
5.877001,0.09765743,0.09096543,0.07761569,0.07696917
5.889708,0.09720806,0.09058923,0.07735102,0.07682471
5.904746,0.09673201,0.09019688,0.07708163,0.07668318
5.921371,0.0961788,0.0897367,0.07673455,0.07648398
5.93344,0.09561311,0.0892674,0.076378,0.0762832
5.94715,0.09503886,0.08878931,0.0760115,0.07608223
5.959394,0.09437734,0.08820114,0.07558519,0.07586551
5.974916,0.09371442,0.08760594,0.07515051,0.07564947
5.987985,0.09313714,0.08711419,0.07479533,0.07549764
6.001393,0.09257186,0.08663044,0.07444797,0.07534904
6.01636,0.09201587,0.0861523,0.07410695,0.07520285
6.029783,0.09127633,0.08558948,0.07374511,0.07508341
6.044117,0.09054489,0.0850243,0.07338793,0.07495743
6.057393,0.09007624,0.08448505,0.07299943,0.07480377
6.071028,0.08962338,0.08394253,0.07261349,0.07463941
6.08522,0.0890961,0.08332963,0.07220396,0.07448543
6.099321,0.08856865,0.08271166,0.07180014,0.07433268
6.113951,0.08803592,0.08208735,0.0713995,0.07418147
6.128305,0.08749885,0.08144464,0.07105563,0.07404847
6.141218,0.08695064,0.08079876,0.07071754,0.07392323
6.154561,0.08643162,0.08026358,0.07048422,0.07384356
6.169763,0.0858998,0.07973307,0.07025702,0.07377052
6.183107,0.08536034,0.07920729,0.0700333,0.07370181
6.196688,0.08490495,0.07854076,0.06976405,0.07357381
6.210799,0.08443941,0.07786699,0.0694918,0.07344367
6.224881,0.08409127,0.0774958,0.06930232,0.0733248
6.23889,0.0837535,0.07714461,0.06911198,0.07320496
6.252357,0.0834096,0.07677547,0.06889684,0.07301027
6.266624,0.08309166,0.07643561,0.06868833,0.07281359
6.282025,0.0827738,0.07609686,0.06847213,0.07260279
6.294093,0.08231559,0.07557628,0.06813443,0.07224232
6.308414,0.08185027,0.07504399,0.06778102,0.07186146
6.321902,0.08109652,0.07426383,0.06722511,0.07127275
6.339478,0.08033619,0.07346877,0.0666493,0.07067762
6.350543,0.0795913,0.07267748,0.06607002,0.07009146
6.363855,0.0786576,0.07166006,0.06536171,0.0693596
6.378426,0.07779007,0.07068437,0.0646736,0.06866429
6.391685,0.07698067,0.0698919,0.06396677,0.06797999
6.406346,0.07621758,0.0691539,0.06329487,0.06732818
6.420162,0.07556323,0.06860015,0.06275287,0.06677797
6.433997,0.07494647,0.0680844,0.0622364,0.06624396
6.447729,0.07436521,0.06759777,0.06173858,0.06572171
6.46119,0.07397684,0.06728429,0.06139319,0.06530299
6.476151,0.07360695,0.06698219,0.06104823,0.06487722
6.489183,0.07342383,0.06679619,0.06081669,0.06456309
6.503233,0.07325377,0.06662083,0.06058842,0.06424608
6.518556,0.07310086,0.06645072,0.06035871,0.0639217
6.531378,0.07304649,0.06634793,0.06019332,0.06366105
6.54775,0.07300285,0.06624831,0.06002501,0.06339066
6.560655,0.07299248,0.0662014,0.05991691,0.06317352
6.573724,0.07300175,0.06615879,0.0598081,0.06295002
6.586763,0.07301787,0.06614245,0.05973875,0.06278335
6.600789,0.07304166,0.06613041,0.0596715,0.06261691
6.614746,0.07307087,0.06612145,0.05960514,0.06244978
6.627837,0.07310289,0.06612571,0.05954442,0.06229693
6.643045,0.07313874,0.06613256,0.05948377,0.06214285
6.656638,0.07316787,0.06614181,0.05944728,0.06202283
6.670693,0.07319777,0.06615191,0.05941388,0.06190507
6.685884,0.07322888,0.06616279,0.05938149,0.06178749
6.700161,0.07324237,0.06617388,0.05934792,0.06165435
6.713671,0.07325581,0.06619021,0.05931206,0.06151897
6.727237,0.07325681,0.0662006,0.05926677,0.06137931
6.74229,0.07325677,0.06621343,0.05921755,0.06123804
6.759381,0.07325099,0.06621952,0.05916011,0.06109663
6.768723,0.07324422,0.06622187,0.05909891,0.06095495
6.782961,0.07323664,0.06622054,0.05903526,0.06081331
6.795815,0.0732294,0.06620759,0.05896765,0.06068113
6.809926,0.07322077,0.06619029,0.05889921,0.06055034
6.823273,0.07320982,0.06617386,0.05882849,0.06041798
6.837906,0.07319737,0.06615652,0.05875819,0.06028708
6.851826,0.07318354,0.06613868,0.05868805,0.06015645
6.864945,0.0731661,0.06607966,0.05860195,0.06004001
6.880236,0.07314703,0.06601582,0.05851375,0.0599248
6.892737,0.0731281,0.06595812,0.05843904,0.05983269
6.907057,0.07310867,0.06589942,0.05836561,0.05974338
6.921166,0.07309535,0.06586171,0.05829901,0.05964281
6.935581,0.07308351,0.06582805,0.05823432,0.0595411
6.950223,0.0730729,0.06579769,0.05817105,0.05943842
6.964962,0.07306885,0.0657955,0.05814245,0.05936905
6.97697,0.07306618,0.06579943,0.05811827,0.05930296
6.989805,0.07306688,0.06582451,0.05811509,0.05926029
7.004218,0.0730687,0.06585737,0.05811656,0.05922236
7.018959,0.07307144,0.06589684,0.0581214,0.05918751
7.031947,0.07306989,0.06597009,0.05816702,0.05922085
7.046081,0.07307368,0.06605402,0.05822858,0.05925474
7.059572,0.07312666,0.06625592,0.05838223,0.05937763
7.073038,0.0732083,0.06649728,0.05857833,0.05955414
7.08879,0.07404988,0.06836892,0.0598759,0.0606617
7.103507,0.075484,0.07115808,0.06158647,0.06208545
7.11772,0.0774318,0.07458193,0.06350179,0.06361555
7.128747,0.08302361,0.07939047,0.068262,0.06924025
7.143541,0.08980412,0.08449546,0.07297411,0.07460845
7.157193,0.09930786,0.09362815,0.08111974,0.08138616
7.173187,0.108461,0.1025563,0.08992306,0.08891401
7.185596,0.1174232,0.1113094,0.09887663,0.09675126
7.198847,0.1226908,0.1210736,0.1099107,0.1067804
7.212431,0.1287442,0.130238,0.1202889,0.1162035
7.226313,0.1317113,0.137305,0.1287048,0.1227404
7.241324,0.1355134,0.1442286,0.1367435,0.1292003
7.25514,0.1383719,0.1482533,0.1422884,0.1330016
7.269628,0.141539,0.1526389,0.1478652,0.1370086
7.284006,0.1447883,0.1569919,0.1531325,0.1408165
7.296361,0.1474356,0.1593896,0.1545426,0.1419929
7.310669,0.1501561,0.1621737,0.156893,0.1438129
7.324558,0.1529883,0.1638211,0.1581945,0.1439268
7.338944,0.1556769,0.1657026,0.159875,0.144468
7.353866,0.1582469,0.1676557,0.1616727,0.1451801
7.366094,0.160159,0.1685286,0.1621309,0.145471
7.383138,0.1637516,0.1708412,0.1640753,0.1464597
7.395755,0.163752,0.1708424,0.1640762,0.1464594
7.410327,0.1644114,0.1715373,0.1647073,0.1465845
7.422498,0.1652505,0.1723111,0.1654491,0.1468406
7.435774,0.1656911,0.1730375,0.1661907,0.1470621
7.450017,0.1662476,0.1737968,0.1669638,0.1473343
7.463099,0.1666202,0.1748623,0.1680055,0.147713
7.478183,0.1670651,0.175947,0.1690265,0.1482088
7.491501,0.1677226,0.1772938,0.1701404,0.1488265
7.505728,0.1684301,0.1785726,0.1711725,0.1494652
7.519789,0.1691654,0.1797735,0.1721356,0.1500874
7.53205,0.1702929,0.1805544,0.1727882,0.1506482
7.546465,0.1714068,0.1813177,0.1733531,0.151219
7.559949,0.1721982,0.1818858,0.1737614,0.151646
7.573585,0.1729069,0.1824429,0.1741454,0.1520518
7.591862,0.1735389,0.1829844,0.1745126,0.1524383
7.602136,0.1738715,0.1833284,0.1747213,0.1526872
7.616883,0.1741832,0.1836726,0.1749358,0.1529349
7.629145,0.174381,0.1839644,0.1751172,0.1531347
7.644077,0.1745708,0.1842522,0.1753021,0.153335
7.657813,0.1746581,0.1844587,0.1754806,0.1535303
7.671166,0.1747814,0.1847104,0.1756965,0.1537643
7.685543,0.1748907,0.1849923,0.1759534,0.1540013
7.698771,0.1749944,0.1852566,0.1762004,0.1542219
7.713281,0.1750644,0.1854652,0.1763998,0.154399
7.726962,0.175133,0.185662,0.1765879,0.1545641
7.740394,0.1752003,0.1858502,0.1767677,0.1547203
7.755953,0.1752663,0.1860313,0.1769406,0.1548691
7.768068,0.1753462,0.1861628,0.1770466,0.1549545
7.783051,0.175424,0.1862951,0.1771539,0.1550427
7.799315,0.1754734,0.1863923,0.177221,0.1550913
7.811372,0.1755174,0.1864702,0.1772649,0.1551073
7.824327,0.1755594,0.1865458,0.1773077,0.1551234
7.83904,0.1756001,0.18662,0.1773499,0.1551403
7.85244,0.1756382,0.186693,0.177392,0.1551578
7.865334,0.1755914,0.1866385,0.1773597,0.1551397
7.880086,0.1754904,0.1864986,0.1772925,0.1550679
7.893576,0.1753802,0.1863676,0.1771562,0.1549336
7.907319,0.1752627,0.1861712,0.1769573,0.1547508
7.922038,0.1751397,0.1859212,0.176717,0.1545372
7.935479,0.1748628,0.1851387,0.1760085,0.1539838
7.950153,0.1743507,0.1839592,0.1750014,0.1533313
7.964069,0.1736857,0.1826121,0.1738659,0.1526325
7.979224,0.1729612,0.1812588,0.1727174,0.1519488
7.990882,0.1717893,0.1798832,0.1715299,0.1511852
8.00771,0.1705785,0.1785031,0.1703074,0.1504136
8.019803,0.1694321,0.1773775,0.1695129,0.1498671
8.032894,0.1682725,0.1761985,0.168665,0.1492902
8.04705,0.1671114,0.1751535,0.167873,0.1487265
8.060862,0.165894,0.1740486,0.1670345,0.1481253
8.074722,0.1646142,0.1728868,0.1661536,0.1474897
8.089168,0.163269,0.1716705,0.1652332,0.1468226
8.102613,0.1627002,0.1710136,0.1645638,0.1462909
8.117417,0.1625347,0.1706918,0.1642133,0.1459263
8.130518,0.1622179,0.1702675,0.1638041,0.1455197
8.1452,0.1620394,0.1699566,0.1634958,0.1451921
8.15917,0.1618172,0.16961,0.1631713,0.1448534
8.172979,0.1615673,0.1692368,0.1628332,0.1445039
8.186955,0.1612973,0.1688423,0.1624827,0.1441433
8.199914,0.1611662,0.1686176,0.1622961,0.1439603
8.217449,0.1609858,0.1683563,0.1621008,0.1438
8.228788,0.1607959,0.1680838,0.1618967,0.1436306
8.244477,0.1606533,0.1678637,0.1617381,0.1434838
8.256733,0.1605163,0.1676488,0.1615825,0.1433339
8.269906,0.1603792,0.1674335,0.1614264,0.1431783
8.284463,0.1603169,0.1673031,0.1613253,0.143084
8.29807,0.1602615,0.1671757,0.1612557,0.1429849
8.312646,0.1602751,0.16713,0.1612751,0.1429258
8.325971,0.1602982,0.1671187,0.1613346,0.142907
8.340238,0.160326,0.167136,0.1614214,0.1429237
8.355847,0.1603182,0.1671137,0.1614754,0.1429501
8.367411,0.1603109,0.1670955,0.1615293,0.1429868
8.381409,0.160291,0.1671255,0.1616038,0.1430335
8.395083,0.1602676,0.1671614,0.1616773,0.1430802
8.4097,0.160241,0.1672008,0.1617493,0.1431255
8.427391,0.1601826,0.1671965,0.1617552,0.1431464
8.43808,0.160121,0.1671871,0.1617535,0.1431626
8.451726,0.160051,0.1671712,0.1617731,0.1431813
8.465049,0.1599775,0.1671515,0.1617927,0.1431979
8.479911,0.1598505,0.1670949,0.1617562,0.1431503
8.493218,0.159713,0.1670265,0.1617031,0.1430865
8.507014,0.1595709,0.1669497,0.1616377,0.1430115
8.521804,0.1592675,0.1668415,0.1613575,0.142649
8.534446,0.1589617,0.1667375,0.1610397,0.1422454
8.54993,0.1585781,0.1665913,0.1603323,0.1417477
8.563368,0.1581825,0.1664074,0.1595383,0.1411986
8.575624,0.1578161,0.1661957,0.1587735,0.140664
8.589599,0.1574814,0.1661339,0.1586908,0.1404137
8.602792,0.1571532,0.1660146,0.1585098,0.1401754
8.617892,0.1568994,0.1657667,0.1582966,0.1399685
8.634008,0.156617,0.1654963,0.158015,0.1397395
8.645081,0.1562695,0.1651863,0.1578512,0.1395859
8.659358,0.1559334,0.1649024,0.1576721,0.1394294
8.673102,0.1555554,0.1645969,0.1574574,0.1392436
8.688153,0.1551557,0.1641693,0.1571982,0.1392039
8.701238,0.1547283,0.163738,0.1569264,0.1391394
8.714989,0.1542101,0.1631482,0.1565026,0.1389656
8.728575,0.1536916,0.1625997,0.1560959,0.1387758
8.743225,0.1531674,0.1620084,0.1557052,0.1385715
8.757786,0.1526787,0.1613888,0.1553805,0.1384958
8.770445,0.1519683,0.1605504,0.1548775,0.1384106
8.787136,0.1513704,0.15973,0.15424,0.1383964
8.798841,0.1506708,0.1588453,0.1535586,0.1383052
8.813112,0.1499741,0.1583787,0.1532002,0.1381886
8.827232,0.1493596,0.1582391,0.1530885,0.1381299
8.844461,0.1489029,0.158261,0.1531023,0.1381285
8.856025,0.1490556,0.1588515,0.1535311,0.138308
8.868739,0.1492789,0.1593824,0.1539309,0.138526
8.883535,0.1496609,0.1598398,0.1542727,0.1386845
8.896808,0.1500009,0.160215,0.1545566,0.1388281
8.910415,0.1503032,0.1605399,0.154803,0.138959
8.92578,0.1505934,0.160613,0.1548353,0.1390185
8.938207,0.1508553,0.1606859,0.1548678,0.139073
8.951845,0.1510383,0.1606645,0.1547993,0.13904
8.96638,0.1512095,0.1606451,0.1547318,0.1390031
8.979437,0.1512764,0.1605429,0.1545691,0.1388824
8.993532,0.1513263,0.1604326,0.1543963,0.1387489
9.008034,0.151364,0.1603152,0.1542153,0.1386069
9.022727,0.151317,0.1600709,0.1539765,0.1384559
9.035266,0.1512536,0.1598128,0.1537306,0.1383023
9.052117,0.1511371,0.1595698,0.1534994,0.1381648
9.064153,0.151007,0.1593267,0.1532698,0.1380269
9.077506,0.150868,0.1590817,0.1530392,0.137886
9.093367,0.1508593,0.1589386,0.1529149,0.1378233
9.104875,0.1508601,0.1587983,0.1527926,0.1377612
9.11944,0.1508963,0.1587067,0.1527435,0.137764
9.132271,0.1509392,0.1586222,0.1527025,0.1377753
9.146963,0.1510081,0.1585898,0.1526993,0.137855
9.163026,0.1510809,0.1585757,0.1527182,0.1379488
9.17538,0.1511544,0.1585781,0.1527584,0.1380507
9.189403,0.1513644,0.1586386,0.1528623,0.1382168
9.202661,0.1515813,0.1587368,0.1530019,0.1383876
9.217051,0.1517937,0.1589522,0.153258,0.1386201
9.231573,0.1519957,0.1592021,0.1535432,0.138859
9.244994,0.1521885,0.1594657,0.153838,0.1391032
9.262669,0.1523743,0.1596757,0.1541265,0.1393081
9.27317,0.1525377,0.1598577,0.1543876,0.1395064
9.28719,0.1526412,0.1599433,0.1545039,0.1396136
9.300594,0.1527317,0.160006,0.1545925,0.139702
9.314404,0.1527771,0.1599833,0.154612,0.1397731
9.328671,0.1528221,0.1599526,0.1546227,0.1398382
9.342969,0.1528678,0.1599182,0.1546294,0.1399002
9.357855,0.1528893,0.1598452,0.1545646,0.1399096
9.370367,0.1529141,0.1597739,0.1545005,0.1399172
9.384864,0.1528726,0.1596521,0.1543474,0.1398124
9.398849,0.15283,0.1595306,0.1541947,0.1397004
9.412256,0.1527867,0.1594082,0.1540409,0.1395835
9.427029,0.1526421,0.159177,0.1537722,0.1393517
9.44173,0.1524994,0.1589456,0.1535024,0.1391138
9.455444,0.1523038,0.1586749,0.1532203,0.1388593
9.47154,0.1521084,0.1584036,0.1529375,0.1386029
9.483709,0.1517074,0.1579835,0.1525789,0.1383135
9.497912,0.1512151,0.1575002,0.1521955,0.1380162
9.510845,0.1506508,0.1569634,0.1517827,0.1377106
9.524558,0.1498711,0.156208,0.1511466,0.1372396
9.537848,0.1490303,0.1553931,0.1504577,0.1367346
9.55189,0.1482274,0.154499,0.1496625,0.1362034
9.566088,0.1474254,0.153582,0.1488383,0.1356597
9.579971,0.1466215,0.1526474,0.1479916,0.1351037
9.593771,0.1455713,0.1512154,0.1464689,0.1340956
9.606777,0.1445095,0.1497455,0.1448822,0.1330495
9.621138,0.1434835,0.1482759,0.1433765,0.1321874
9.634607,0.1424659,0.1468147,0.1418809,0.1313439
9.649227,0.1412471,0.145284,0.1404335,0.1305025
9.663319,0.1400106,0.143751,0.1389968,0.1296695
9.680034,0.1387638,0.1422143,0.1375635,0.1288406
9.691063,0.1377392,0.141291,0.1366842,0.1283678
9.704643,0.1367087,0.1403561,0.1357938,0.1278823
9.719084,0.1359275,0.1395894,0.1350956,0.1276288
9.732192,0.1351565,0.1388241,0.1344001,0.1273811
9.746497,0.134379,0.1380455,0.1336935,0.127134
9.761674,0.1337297,0.1374053,0.1331313,0.127002
9.775584,0.1330677,0.1367521,0.1325595,0.1268713
9.789643,0.1326325,0.1361816,0.1319907,0.1267312
9.801935,0.132188,0.1356011,0.1314066,0.1265812
9.816368,0.1317355,0.1350116,0.1308102,0.1264229
9.829559,0.1311626,0.134353,0.1301006,0.1261675
9.843833,0.1305795,0.1336864,0.1293791,0.1258919
9.858382,0.1298773,0.1329496,0.1283356,0.1253374
9.870975,0.1291727,0.1322051,0.127274,0.124735
9.88929,0.1283707,0.1313154,0.126,0.1240262
9.899792,0.127601,0.1304832,0.1247422,0.1233311
9.913139,0.1268502,0.1297007,0.1234928,0.1226638
9.928092,0.1259926,0.1285576,0.1217988,0.121749
9.941134,0.1251455,0.1274549,0.1201903,0.1208729
9.956043,0.1242105,0.1264176,0.1186939,0.1199597
9.96892,0.1232597,0.1253761,0.1172208,0.1190749
9.982787,0.1222493,0.1244146,0.1159297,0.1182016
9.997381,0.1211756,0.1234352,0.1146242,0.1173326
10.01163,0.120026,0.1224407,0.1133034,0.1164631
10.02589,0.119044,0.1215813,0.1120448,0.115439
10.03883,0.1180054,0.1206931,0.1107612,0.1144128
10.05403,0.1171089,0.1194823,0.1092294,0.1132063
10.06732,0.1161997,0.1182366,0.1077272,0.1120354
10.08099,0.1152652,0.1169357,0.1062041,0.1108546
10.09831,0.1143547,0.1155698,0.1045037,0.1089036
10.10801,0.1134323,0.1141491,0.1027475,0.1069968
10.12231,0.1127737,0.1126318,0.1010695,0.105055
10.13635,0.112126,0.1111137,0.09939175,0.1031652
10.14984,0.1114825,0.109603,0.09772102,0.1013161
10.16478,0.1108975,0.1082381,0.09619971,0.09961879
10.1789,0.110309,0.1068726,0.09466179,0.09786621
10.19309,0.1097575,0.1054509,0.09304958,0.09601618
10.20627,0.1092027,0.1040411,0.09146624,0.09415662
10.22051,0.1085879,0.1026041,0.08976306,0.09206569
10.23383,0.10796,0.1011687,0.08807789,0.08999371
10.24791,0.1073223,0.09973957,0.08642092,0.08796228
10.26297,0.1067282,0.09853674,0.0849448,0.08622456
10.27534,0.1061279,0.09734221,0.08351678,0.08456573
10.28938,0.1055527,0.09647163,0.08257659,0.083426
10.30686,0.1049754,0.09561431,0.08165029,0.08228017
10.3174,0.1044019,0.09476585,0.08073609,0.08120684
10.33249,0.1038381,0.09426677,0.08032478,0.08096237
10.34573,0.1032806,0.09375762,0.07996124,0.08075996
10.36106,0.1028518,0.09355953,0.08000414,0.08099313
10.37301,0.1024752,0.0933504,0.08003177,0.08114628
10.38702,0.1018857,0.09297424,0.0799238,0.08126209
10.40107,0.1013429,0.09260794,0.07981519,0.0813365
10.41547,0.1007835,0.09222214,0.07967863,0.08136665
10.43101,0.1001409,0.0917761,0.07942256,0.08117999
10.44271,0.09947879,0.09131367,0.0791449,0.08097491
10.45709,0.09877878,0.09090091,0.07893706,0.08083171
10.4706,0.09807932,0.09049567,0.07873607,0.08069425
10.48507,0.09735638,0.09009405,0.07853904,0.08056125
10.49907,0.09669176,0.08966569,0.07825964,0.08028679
10.51593,0.09601653,0.08923633,0.07798135,0.08003012
10.52879,0.09535005,0.08882331,0.07763499,0.07962324
10.54157,0.09468123,0.08840995,0.07728686,0.07923514
10.55763,0.09410058,0.08804564,0.07692958,0.07881287
10.56812,0.0935309,0.08768242,0.07657308,0.07840078
10.58281,0.09296963,0.087315,0.07621918,0.07799944
10.59802,0.0923852,0.08691788,0.07589271,0.07756238
10.60937,0.09210664,0.08669689,0.0757241,0.07744535
10.62365,0.09134255,0.08600988,0.07503365,0.07693523
10.63711,0.09055229,0.08524673,0.07422571,0.07636574
10.65102,0.08975594,0.08443978,0.07335982,0.0757502
10.66623,0.08931606,0.08391881,0.07280545,0.07543727
10.68017,0.08889183,0.08341409,0.07227005,0.07511026
10.69368,0.0884333,0.08302201,0.07187162,0.07488248
10.70642,0.08798028,0.08264771,0.07149266,0.07465535
10.7241,0.0873927,0.08229827,0.07118465,0.07449944
10.7357,0.08679013,0.08195672,0.07088935,0.07435432
10.7484,0.08617983,0.08161917,0.07060052,0.07421676
10.76267,0.08541945,0.08118484,0.07023946,0.07400256
10.77578,0.08462946,0.08073925,0.06987724,0.07378573
10.79096,0.08362878,0.08007871,0.06938386,0.07350216
10.80385,0.08259629,0.07935587,0.06887364,0.07320694
10.81905,0.08155299,0.07858138,0.06834748,0.07290094
10.8322,0.08026247,0.07734627,0.067569,0.07227519
10.84695,0.07902254,0.07606161,0.06677406,0.07162862
10.86152,0.07747091,0.07453255,0.06576739,0.07067788
10.87487,0.07605579,0.07305622,0.06477742,0.06975731
10.88826,0.07488623,0.0716623,0.06382412,0.06889791
10.90197,0.07407813,0.07020279,0.06278941,0.06776372
10.91548,0.07347884,0.06884145,0.06180749,0.06673977
10.93341,0.07328635,0.06736968,0.06032388,0.06509928
10.98015,0.07309043,0.06537449,0.05838329,0.06313587
10.99521,0.07296479,0.06344587,0.056388,0.06107869
11.00028,0.07296496,0.06344576,0.05638776,0.06107804
11.01267,0.07301716,0.06332177,0.05620834,0.0607537
11.02816,0.07304325,0.06349516,0.05628143,0.06059803
11.04106,0.07306526,0.06359755,0.0562833,0.06038047
11.05511,0.0730847,0.06365868,0.05624213,0.06012622
11.06842,0.07308336,0.06372104,0.05625253,0.06004606
11.08285,0.0730821,0.06376339,0.05623376,0.05992321
11.09722,0.07308207,0.06376348,0.05623385,0.05992322
11.10938,0.0730655,0.06378302,0.05624292,0.05986654
11.12448,0.07304633,0.06379021,0.05625354,0.05982325
11.1404,0.07302898,0.06378916,0.05625213,0.05975834
11.15334,0.07301337,0.06378108,0.05624175,0.05967655
11.16556,0.07299148,0.06376612,0.05622437,0.0596051
11.17908,0.072971,0.06374604,0.05619961,0.05952292
11.19388,0.0729437,0.06371955,0.05616372,0.05944981
11.20662,0.07291556,0.06368973,0.05611948,0.0593701
11.2202,0.07288662,0.06365634,0.05606903,0.05928475
11.23446,0.0728599,0.06359766,0.05598988,0.05920434
11.24848,0.07283215,0.06353267,0.0559059,0.05912043
11.26228,0.07281014,0.06345272,0.05580204,0.05899528
11.27744,0.07277873,0.06338537,0.05571126,0.05887778
11.28997,0.0727459,0.06331803,0.05562383,0.05876005
11.30358,0.07271264,0.063251,0.0555404,0.05864277
11.31767,0.07267965,0.06318457,0.05546101,0.05852638
11.33184,0.07263999,0.06318548,0.05540729,0.05841339
11.34781,0.07259734,0.06320795,0.05538001,0.05832365
11.36093,0.07255728,0.06324545,0.05536015,0.05823859
11.3721,0.07252824,0.06328566,0.05536218,0.05818205
11.38588,0.07249891,0.06333895,0.05537264,0.05812206
11.4014,0.07246134,0.06335466,0.05536097,0.05805493
11.41393,0.07242163,0.06337519,0.05533801,0.05797677
11.42801,0.07238051,0.06339859,0.05531371,0.05789508
11.44129,0.07233847,0.06342503,0.05528891,0.05781095
11.45543,0.07229602,0.06345439,0.05526413,0.05772524
11.47053,0.07225345,0.06344176,0.05523533,0.0576351
11.48418,0.07221071,0.06342791,0.05520654,0.05754262
11.49789,0.07218198,0.06342909,0.05517401,0.0574213
11.51042,0.07215444,0.06343217,0.055141,0.05729168
11.52493,0.07212094,0.06341937,0.05510253,0.05718527
11.53853,0.07208737,0.06340649,0.05506299,0.05707738
11.55619,0.07204536,0.06339487,0.05503938,0.05700129
11.56828,0.07200266,0.06338472,0.05501668,0.05692861
11.58051,0.0719598,0.06337613,0.05499497,0.05685851
11.59614,0.07193445,0.06337668,0.05496742,0.05678183
11.60804,0.07190667,0.06337897,0.05494587,0.05671819
11.6243,0.07187881,0.06338196,0.05492575,0.05665742
11.637,0.07185094,0.06338553,0.05490705,0.05659908
11.6506,0.07182305,0.06338944,0.05488974,0.05654269
11.66462,0.07180537,0.06341192,0.05487804,0.05649688
11.67747,0.07178602,0.0634318,0.05486616,0.05645339
11.69159,0.07176692,0.06345198,0.05485538,0.05641168
11.70596,0.07174764,0.06347254,0.0548454,0.05637079
11.72103,0.07172821,0.06349361,0.05483614,0.05633029
11.73425,0.07171323,0.06345077,0.05482059,0.05631311
11.74724,0.07170548,0.06342106,0.05480367,0.05630168
11.76542,0.07169885,0.06339163,0.05478606,0.05629162
11.77617,0.07168961,0.06335703,0.05476801,0.05627878
11.79193,0.07168039,0.0633218,0.05474894,0.05626576
11.80414,0.07167104,0.06328615,0.05472869,0.05625252
11.81745,0.07166011,0.06326632,0.05470775,0.05623785
11.83175,0.07164878,0.06324898,0.05468609,0.05622273
11.84541,0.07163808,0.06324739,0.05467249,0.05620085
11.85973,0.07162732,0.0632514,0.0546604,0.05617693
11.87242,0.07161657,0.06326041,0.0546498,0.05615149
11.8872,0.07160358,0.06327084,0.05462256,0.05613012
11.90219,0.07159015,0.06328468,0.05459298,0.05610853
11.91484,0.07157634,0.06330121,0.05456185,0.05608687
11.92916,0.07157388,0.06329526,0.05454728,0.05608842
11.94307,0.07157238,0.06328807,0.0545339,0.05609162
11.95942,0.07156169,0.06328962,0.05453175,0.05609417
11.97403,0.07155025,0.06329367,0.0545328,0.05609732
11.98565,0.07153814,0.06330005,0.05453666,0.05610114
12.00008,0.07151932,0.06329861,0.05454848,0.05612258
12.01198,0.07150147,0.06332195,0.05458099,0.05615775
12.02614,0.07148392,0.06335176,0.05462227,0.05620041
12.03996,0.07146736,0.06338786,0.05467151,0.05624959
12.05433,0.07145403,0.06342933,0.05473774,0.05632497
12.06938,0.07144295,0.06347632,0.05481176,0.05640936
12.08328,0.07143851,0.06349891,0.05485926,0.05647225
12.09869,0.07143685,0.06351987,0.05490458,0.05653364
12.10962,0.07143767,0.0635398,0.05494802,0.05659336
12.12336,0.07143757,0.06356487,0.05498216,0.05663319
12.13838,0.07143836,0.06358927,0.05501415,0.05667007
12.15152,0.07143824,0.06360276,0.05502841,0.05668571
12.16609,0.07143813,0.06361359,0.05503923,0.05669762
12.18279,0.07143622,0.06362124,0.05504533,0.05668794
12.19606,0.07143423,0.06362645,0.05504934,0.05667543
12.20807,0.07143193,0.06362936,0.0550515,0.05665987
12.22198,0.07142575,0.06362318,0.0550431,0.05663313
12.23614,0.07141864,0.06361574,0.0550333,0.0565973
12.24906,0.07141701,0.06361932,0.05502012,0.0565544
12.26496,0.07141656,0.06362448,0.05500342,0.05650458
12.27849,0.07141671,0.06362113,0.05498233,0.05645554
12.29131,0.07141761,0.06361555,0.05495789,0.05640437
12.30634,0.07141916,0.06360775,0.05493041,0.05635173
12.32007,0.0714248,0.06361336,0.05492818,0.05634541
12.33423,0.07143175,0.06362049,0.0549298,0.05634593
12.34754,0.07143832,0.06362751,0.05493756,0.05635485
12.36163,0.07144598,0.06363574,0.05494916,0.05636938
12.37516,0.07145526,0.0636458,0.05496413,0.05638878
12.39459,0.07146282,0.06363855,0.05498393,0.0564365
12.40517,0.07147061,0.06362806,0.05500767,0.05649943
12.41677,0.07147163,0.06361549,0.05502461,0.05654945
12.43116,0.07147086,0.06359997,0.05504226,0.05660379
12.44451,0.07146303,0.06359015,0.0550544,0.05663378
12.45961,0.071453,0.06358057,0.05506551,0.05665834
12.47315,0.07144132,0.06357116,0.05507575,0.0566785
12.48736,0.07143499,0.0635673,0.05507975,0.05668586
12.50138,0.07142864,0.06356394,0.05508281,0.05668925
12.51348,0.07142299,0.06355808,0.05508624,0.05669259
12.52712,0.07141731,0.06355154,0.05508916,0.05669399
12.5413,0.07141136,0.06354433,0.05509156,0.05669377
12.5557,0.07140994,0.06356186,0.05511625,0.05672121
12.56962,0.07140926,0.06358478,0.05514536,0.05675354
12.5832,0.07141037,0.06359296,0.05517006,0.05678645
12.60142,0.07141232,0.06360044,0.05519623,0.05682211
12.61165,0.07141362,0.06361252,0.05521018,0.0568415
12.62633,0.07141522,0.06362557,0.05522157,0.05685784
12.6399,0.07141709,0.06363933,0.05523077,0.05687165
12.65407,0.07141969,0.06364466,0.05523226,0.05686107
12.66918,0.07142265,0.063649,0.05523162,0.05684706
12.68167,0.07142801,0.06365413,0.05522758,0.05682866
12.69547,0.07143416,0.0636585,0.05522157,0.05680479
12.70903,0.07144123,0.06366226,0.05521301,0.05677523
12.72404,0.07143987,0.06367049,0.05521843,0.05674797
12.73862,0.07143758,0.06367935,0.05522518,0.05671804
12.75042,0.07143261,0.06369733,0.05522763,0.05668626
12.76614,0.07142662,0.06371801,0.05523017,0.05665279
12.77928,0.07141703,0.06373411,0.05522229,0.05660651
12.7931,0.07140613,0.06375065,0.05521196,0.05655608
12.812,0.0713941,0.0637676,0.05519983,0.05650256
12.82392,0.07138181,0.0637823,0.05519546,0.05647422
12.83594,0.07136885,0.06379673,0.05519177,0.05644878
12.8491,0.07135905,0.063811,0.05519151,0.05643018
12.86366,0.07134937,0.06382525,0.05519265,0.05641403
12.87703,0.0713397,0.06383964,0.0551945,0.05639965
12.89221,0.07133786,0.06384784,0.05519659,0.05639985
12.9058,0.07133755,0.06385544,0.05519887,0.05640238
12.91862,0.07134255,0.06386331,0.0552017,0.05641162
12.93299,0.07134899,0.06387153,0.05520461,0.05642258
12.94639,0.07135387,0.06388619,0.05521238,0.05642701
12.96082,0.07135904,0.06390262,0.05522186,0.05643106
12.97546,0.07136492,0.06392065,0.05523292,0.05643516
12.98985,0.07138067,0.0639671,0.0552666,0.05646075
13.00356,0.07139952,0.06402104,0.05530668,0.05649235
13.02103,0.07205404,0.06567544,0.05601206,0.05685169
13.03066,0.07316165,0.06822598,0.05707544,0.05738911
13.04599,0.0746467,0.07136331,0.05841086,0.05806258
13.05989,0.08117159,0.0817403,0.06498516,0.06216161
13.0723,0.08877807,0.09189141,0.07205941,0.06706114
13.08635,0.09577198,0.09742282,0.07961507,0.07495472
13.10021,0.1025394,0.1030344,0.08671059,0.08274676
13.11349,0.1086595,0.1096213,0.09509744,0.09121646
13.12759,0.1147165,0.116173,0.1034574,0.09961148
13.14201,0.1207118,0.1226172,0.111623,0.1077558
13.15672,0.1233572,0.1282019,0.1181943,0.1140402
13.17008,0.1266508,0.1335797,0.1246614,0.1204525
13.18356,0.1295173,0.1361209,0.1297197,0.1245802
13.19793,0.1325353,0.1390069,0.1345988,0.1287845
13.2116,0.1356483,0.1420672,0.1393503,0.1329186
13.23178,0.1388131,0.1447294,0.1422737,0.1341942
13.2406,0.1419336,0.1475475,0.1455731,0.1361852
13.25385,0.1449995,0.1510929,0.1477905,0.137339
13.26845,0.1480339,0.1547581,0.1504371,0.1385932
13.28207,0.1505677,0.1570986,0.1519789,0.1390777
13.29588,0.1530178,0.1594815,0.1538496,0.139725
13.30949,0.1553554,0.1618081,0.1558202,0.1404414
13.32362,0.1578274,0.1640026,0.1577057,0.1412193
13.33802,0.1601183,0.1661434,0.1596662,0.1420285
13.35133,0.1615296,0.1676322,0.1611135,0.1424954
13.36474,0.1629362,0.1690785,0.1625133,0.1431369
13.3787,0.1643151,0.1704924,0.1638712,0.1438795
13.39274,0.1653289,0.1716198,0.1650074,0.1446422
13.40722,0.166384,0.1727675,0.1661268,0.1454522
13.4204,0.1671475,0.1738427,0.1671842,0.1463127
13.43913,0.1679343,0.1749088,0.168205,0.1471273
13.44847,0.168541,0.1758226,0.1689645,0.1476897
13.46298,0.169149,0.1767135,0.1697003,0.1482157
13.47717,0.169751,0.1775784,0.1703821,0.1487154
13.49094,0.170239,0.1782856,0.1709584,0.1491658
13.50612,0.1707233,0.1789771,0.1715121,0.1496036
13.51885,0.171114,0.1795255,0.1719381,0.1499633
13.5336,0.1714912,0.1800559,0.17235,0.1503111
13.54648,0.1718608,0.1805788,0.1727563,0.1506537
13.56067,0.1721066,0.1808691,0.1729913,0.1508861
13.57513,0.17235,0.1811709,0.1732365,0.1511185
13.588,0.1724373,0.1812234,0.1733002,0.1511853
13.60274,0.1724636,0.1812322,0.173319,0.1512053
13.61603,0.1724693,0.1812474,0.1733374,0.1512225
13.62999,0.1724652,0.1812593,0.1733516,0.1512339
13.64832,0.1724553,0.1812652,0.1733637,0.1512419
13.65903,0.1723787,0.1811746,0.1733024,0.1511944
13.67274,0.1722893,0.1810779,0.1732474,0.1511516
13.68578,0.1721234,0.1809061,0.1731059,0.1510599
13.70012,0.171932,0.1806502,0.1728846,0.1509097
13.71421,0.1716899,0.1803214,0.1725982,0.1507107
13.72785,0.1710754,0.1794946,0.1719544,0.1502879
13.7421,0.170332,0.1785413,0.171229,0.1498122
13.75526,0.169171,0.1770885,0.1701839,0.1491744
13.76955,0.1679414,0.1755896,0.1691081,0.1485296
13.78372,0.1665335,0.1738344,0.1676565,0.1476927
13.79764,0.1650955,0.1720325,0.1661368,0.1468467
13.81161,0.1636338,0.1701893,0.1645612,0.1459927
13.82747,0.1611743,0.1675176,0.162201,0.1446143
13.83999,0.1586704,0.164797,0.1597784,0.1432168
13.85666,0.1556262,0.1615918,0.1568582,0.1414383
13.86823,0.1525495,0.1583177,0.1538456,0.139512
13.88103,0.14938,0.1549198,0.1506991,0.1374321
13.89482,0.1445804,0.1500805,0.1457293,0.1345302
13.90952,0.1398753,0.1452423,0.1407383,0.1314865
13.92273,0.1367735,0.1416048,0.1371521,0.1296259
13.93667,0.1335089,0.1378119,0.1333554,0.1275877
13.94991,0.1304313,0.1344324,0.1289494,0.1246685
13.96455,0.1272355,0.1308959,0.1244689,0.1216227
13.97957,0.1239509,0.1272439,0.1199113,0.1184934
13.99346,0.1208381,0.1240477,0.1150885,0.1153168
14.00724,0.1176074,0.1207292,0.1103444,0.1121291
14.01982,0.1156456,0.1164602,0.1054047,0.1081824
14.03406,0.1134048,0.1122677,0.1005762,0.1043939
14.04847,0.1109921,0.1080752,0.09578139,0.1006542
14.06582,0.1090348,0.1041908,0.09184988,0.09470349
14.07691,0.1069077,0.1001559,0.08789271,0.08970809
14.0896,0.1054006,0.09692186,0.08458184,0.08575036
14.10406,0.103811,0.09364466,0.0813818,0.08215082
14.11759,0.1021819,0.09042247,0.07839759,0.07904144
14.13248,0.1007101,0.08883889,0.07670253,0.0765899
14.14579,0.09922276,0.08698513,0.07488177,0.07454535
14.1592,0.09805983,0.08672671,0.07465131,0.07437573
14.17343,0.096874,0.08617226,0.07407638,0.07379913
14.18692,0.09582712,0.08560217,0.0736414,0.07330377
14.20142,0.09473448,0.08489493,0.07298941,0.0726473
14.21469,0.0936006,0.08410455,0.07220256,0.07194514
14.22854,0.09193404,0.08292826,0.0710896,0.07153337
14.24305,0.09025951,0.08169315,0.06984401,0.07098095
14.25605,0.08839355,0.08039945,0.06844649,0.07017943
14.2738,0.08655756,0.07910355,0.06708498,0.06920407
14.28493,0.0847891,0.07781719,0.06578218,0.06819354
14.29856,0.08293181,0.07642926,0.06465604,0.06722313
14.31282,0.08118457,0.0750526,0.06356598,0.06630598
14.32752,0.0792084,0.07357679,0.06272119,0.06547737
14.34188,0.07742491,0.07215714,0.0618844,0.06468734
14.35461,0.07609764,0.0705134,0.06079756,0.06364541
14.36803,0.07497006,0.06908093,0.05981966,0.06273087
14.38266,0.07393677,0.06768462,0.05882253,0.0618165
14.39651,0.07343989,0.06704476,0.0582122,0.06109557
14.41133,0.07312522,0.06638429,0.0575718,0.06037245
14.42358,0.07295197,0.06607482,0.0573074,0.06006269
14.43851,0.07283031,0.06575614,0.05702591,0.05972869
14.45172,0.07273724,0.06542706,0.05672961,0.05937559
14.46574,0.07268866,0.06545384,0.05668093,0.05925746
14.48565,0.07264931,0.065462,0.05661705,0.05911226
14.49447,0.07262375,0.06547991,0.05658831,0.05900734
14.50786,0.0726023,0.06549047,0.05655486,0.05889314
14.52176,0.0725778,0.0655064,0.05651861,0.05876081
14.53558,0.07255472,0.06551786,0.05647931,0.05862186
14.54981,0.07253265,0.06552491,0.05643734,0.05847713
14.56544,0.07250531,0.06548759,0.05637149,0.0583277
14.57876,0.07247804,0.0654436,0.05629988,0.05817412
14.59098,0.07244676,0.0653993,0.05622774,0.05801943
14.60595,0.07241531,0.06535263,0.05615422,0.05786409
14.61888,0.07238377,0.06530338,0.05607933,0.05770679
14.63283,0.0723551,0.06525452,0.05600387,0.0575792
14.64725,0.07232708,0.06520427,0.05592871,0.05745283
14.66202,0.07230529,0.06516566,0.05584865,0.05731228
14.67588,0.07228477,0.06512702,0.05576605,0.05716912
14.69281,0.07226751,0.06508674,0.05567377,0.05701338
14.70331,0.07225093,0.0650445,0.05557714,0.05685417
14.71649,0.07223473,0.06500002,0.05547687,0.0566924
14.73139,0.07222497,0.06497195,0.05538948,0.05654164
14.74509,0.07221579,0.06494504,0.05530227,0.0563913
14.75742,0.07220668,0.06490467,0.05524578,0.05629205
14.77236,0.07219811,0.06486255,0.05519542,0.05620022
14.78608,0.07218985,0.06481886,0.05514961,0.05611294
14.79982,0.07218915,0.06477992,0.05512907,0.05604884
14.81464,0.07218962,0.06474137,0.05511344,0.05598815
14.82786,0.07219894,0.06470398,0.05510176,0.05593092
14.84205,0.07221578,0.06466698,0.05509287,0.05587521
14.85574,0.0722413,0.06462841,0.05508032,0.05580235
14.87029,0.07227492,0.06459011,0.05506833,0.05572624
14.88293,0.07231624,0.06455371,0.05505702,0.05564754
14.90209,0.07236058,0.06453915,0.0550505,0.055569
14.91227,0.07240969,0.0645299,0.05504538,0.05548944
14.92491,0.07244954,0.06450763,0.05502866,0.05541171
14.93937,0.07248908,0.06448486,0.05501037,0.05533443
14.95254,0.07252858,0.06446126,0.05499082,0.055257
14.96676,0.07253942,0.06445225,0.05496935,0.05518634
14.98171,0.07254649,0.06444365,0.05494752,0.05511674
14.99644,0.07252899,0.06441773,0.05492137,0.05503752
15.00912,0.07250734,0.06438875,0.05489384,0.0549572
15.02274,0.07248306,0.06435584,0.05486513,0.05487602
15.03955,0.07246178,0.06432494,0.05482766,0.05478246
15.05033,0.0724368,0.06429078,0.05478795,0.05468699
15.06457,0.07241936,0.06426279,0.05474873,0.05459665
15.07977,0.07239605,0.06424216,0.05472872,0.0545215
15.09191,0.07237406,0.06422474,0.05471393,0.05446086
15.11242,0.07234713,0.06421003,0.05470698,0.05439976
15.12053,0.07231914,0.06419758,0.05470458,0.05434457
15.13406,0.07231484,0.06419449,0.05469154,0.05430371
15.14801,0.07231235,0.06419375,0.05468021,0.0542666
15.16177,0.07230692,0.06419417,0.05467337,0.05422657
15.17588,0.0723016,0.06419727,0.05466852,0.05418823
15.18919,0.07229481,0.06419989,0.05465679,0.05413852
15.20377,0.07228795,0.06420396,0.05464549,0.05408803
15.21731,0.07228145,0.06420936,0.05463349,0.05403696
15.23101,0.07227777,0.06420495,0.05461782,0.05397441
15.24622,0.07227439,0.06420022,0.05460111,0.05391023
15.25876,0.07227565,0.06420351,0.05458635,0.05385701
15.27284,0.07227788,0.06420831,0.05457143,0.05380406
15.28719,0.07228114,0.06421442,0.0545564,0.05375125
15.30113,0.07229331,0.06423371,0.05455954,0.05374412
15.31946,0.07230686,0.06425522,0.05456439,0.05373941
15.32926,0.07231673,0.06425638,0.05457233,0.05375437
15.34366,0.07232729,0.06425554,0.05458311,0.05376975
15.35687,0.07233108,0.06424536,0.05459456,0.0538045
15.37092,0.07233382,0.06423255,0.05460753,0.05385115
15.38482,0.07233573,0.06421778,0.05462182,0.05390932
15.39902,0.07234432,0.06420693,0.05464556,0.05395478
15.41295,0.07235,0.06419193,0.05466641,0.0540088
15.42641,0.07235502,0.06417564,0.05468758,0.05406679
15.44092,0.07235953,0.06415834,0.05470899,0.05412759
15.45455,0.07236341,0.06414023,0.05473044,0.0541904
15.46962,0.07235721,0.06411729,0.05473049,0.0542188
15.48415,0.07236015,0.06410528,0.05472389,0.05422401
15.49736,0.07236425,0.06409448,0.0547153,0.05422479
15.51109,0.07236943,0.06408456,0.05470502,0.05422217
15.5283,0.0723755,0.06407537,0.05469333,0.05421692
15.53941,0.07237525,0.06404596,0.05467873,0.05419933
15.55184,0.07237493,0.06402194,0.05466582,0.05418906
15.56649,0.07237469,0.06399783,0.05465206,0.05417836
15.58113,0.07237429,0.06397376,0.05463765,0.05416723
15.59379,0.07236502,0.06395233,0.05463547,0.05416722
15.60673,0.07235425,0.06393129,0.05463473,0.05416872
15.6208,0.07235083,0.06390897,0.05463123,0.05416959
15.63455,0.07234823,0.06388706,0.05462829,0.05417108
15.64933,0.07234627,0.06386533,0.05462571,0.05417304
15.66302,0.07230933,0.06384172,0.0546326,0.0541891
15.67669,0.0722771,0.06382317,0.05463563,0.05421431
15.68986,0.0722434,0.0638061,0.05463862,0.05424464
15.70409,0.07221433,0.06379044,0.05464159,0.05427957
15.71832,0.07219837,0.06377257,0.05464516,0.05431377
15.73744,0.07219169,0.06375528,0.05464887,0.05435019
15.7469,0.07219348,0.06374463,0.05464697,0.05437554
15.75956,0.072202,0.06373657,0.05464355,0.05439942
15.77335,0.07221578,0.06373066,0.05463855,0.05442201
15.788,0.07222886,0.06373249,0.05463991,0.05444914
15.80196,0.07224455,0.06373709,0.05464166,0.05447629
15.81681,0.07225145,0.06375121,0.05465137,0.05451218
15.82939,0.07225834,0.06376889,0.05466359,0.05455194
15.84517,0.07226127,0.06379172,0.05467831,0.05459658
15.85747,0.07226367,0.06381651,0.05469452,0.05464484
15.87208,0.07226571,0.06384277,0.05471233,0.05469636
15.88597,0.07227346,0.06391566,0.05479359,0.05482507
15.8997,0.07229854,0.06400668,0.0549004,0.05497565
15.91461,0.07257669,0.06458123,0.0553716,0.05536592
15.92634,0.07302088,0.06540223,0.05601192,0.05582916
15.94488,0.07360736,0.06641765,0.05677383,0.05632962
15.95586,0.07767228,0.07529342,0.06326618,0.06178743
15.96973,0.08278319,0.08539422,0.0707377,0.06874771
15.98317,0.08609241,0.0885694,0.07533435,0.07460173
15.99645,0.08937536,0.091984,0.07967664,0.08024022
16.01088,0.09481718,0.09618478,0.08586514,0.08697983
16.02495,0.1002983,0.1004953,0.09206084,0.09366439
16.04016,0.1057597,0.104877,0.09823349,0.1002392
16.05262,0.1100796,0.1099429,0.1042208,0.1061763
16.06641,0.1145551,0.1149786,0.1103166,0.1122315
16.08066,0.1179981,0.1213079,0.1164989,0.1171656
16.09422,0.1214935,0.1269754,0.1221987,0.121925
16.10786,0.1250612,0.1322678,0.1276322,0.1265188
16.12184,0.1289949,0.1362505,0.1326928,0.1284652
16.13721,0.1327361,0.140233,0.1374249,0.1309194
16.15445,0.1378241,0.1439784,0.141666,0.133159
16.16465,0.1423348,0.1476146,0.1455047,0.1353883
16.17857,0.1454786,0.1502251,0.1469904,0.135746
16.19151,0.1486321,0.1530383,0.1489609,0.1362295
16.20527,0.1516755,0.1558996,0.1510575,0.1367658
16.22051,0.1534496,0.1573945,0.1515862,0.1370062
16.23435,0.1554063,0.1593035,0.1527305,0.1374006
16.24813,0.1565619,0.1606959,0.1539231,0.1380058
16.26072,0.1578704,0.1621974,0.155354,0.1386649
16.27515,0.1592288,0.1637315,0.1568756,0.1393506
16.28832,0.1599628,0.164784,0.1580779,0.1396609
16.30387,0.160805,0.1658973,0.1593017,0.1401356
16.3178,0.161191,0.1665111,0.1600608,0.1406273
16.33085,0.1616382,0.1671606,0.1608212,0.1412235
16.34481,0.1621169,0.1678279,0.1615764,0.1418579
16.36373,0.1624848,0.1684834,0.1623776,0.1426786
16.37298,0.1628777,0.1691485,0.163162,0.1434727
16.38638,0.1632597,0.1697183,0.1637214,0.1440769
16.40056,0.163656,0.1702888,0.1642767,0.1446461
16.41562,0.164016,0.1707149,0.1646754,0.1450176
16.42801,0.1643687,0.1711285,0.1650506,0.1453677
16.44334,0.1647161,0.1715376,0.1654151,0.1457077
16.45573,0.1649481,0.1718548,0.1656709,0.1459016
16.47137,0.1651732,0.1721687,0.1659256,0.1460969
16.48546,0.1653402,0.1723983,0.166151,0.14628
16.49734,0.1655058,0.1726241,0.166376,0.1464655
16.51264,0.1656714,0.1728481,0.1666017,0.1466534
16.52569,0.1657567,0.172998,0.1667735,0.1467934
16.54065,0.1658433,0.1731487,0.1669457,0.1469352
16.55379,0.165929,0.1732804,0.1671046,0.1470449
16.57196,0.1660168,0.1734132,0.1672635,0.1471548
16.58281,0.1660287,0.1734831,0.1673735,0.1472441
16.59542,0.1660359,0.1735453,0.1674732,0.147327
16.60948,0.1660395,0.1736046,0.1675711,0.147409
16.62387,0.1660338,0.1736308,0.1676099,0.1474372
16.63788,0.1660275,0.1736536,0.1676442,0.1474621
16.65211,0.1659136,0.1735518,0.1675445,0.147401
16.66489,0.1657448,0.1734064,0.16745,0.1473439
16.67906,0.1655307,0.1731898,0.1672992,0.1472739
16.69254,0.1650443,0.1725285,0.1667556,0.1469655
16.70732,0.1644837,0.1717201,0.1660523,0.1465448
16.72208,0.1636729,0.1704982,0.1649452,0.1458557
16.73584,0.1627981,0.1691913,0.1637659,0.1451183
16.74999,0.1615762,0.1676657,0.1624409,0.1442515
16.76278,0.1602898,0.1661141,0.1611106,0.1433885
16.7824,0.1589721,0.1645539,0.1597826,0.142537
16.79159,0.1575839,0.1631823,0.1586137,0.1417828
16.80454,0.1561739,0.1617877,0.1574278,0.1410154
16.81907,0.1550426,0.1607506,0.1564761,0.1403427
16.83221,0.153903,0.159701,0.1555091,0.1396356
16.8464,0.152735,0.1586222,0.154512,0.1388843
16.86001,0.1520043,0.1579236,0.1538057,0.1384045
16.87528,0.1512238,0.1571858,0.1530625,0.1378916
16.88878,0.1507667,0.1567497,0.1526062,0.1375186
16.90322,0.1502818,0.1562904,0.1521252,0.1371259
16.91703,0.1499189,0.1559486,0.1517776,0.1368762
16.92896,0.1495488,0.155603,0.1514214,0.1366229
16.94427,0.1491706,0.1552522,0.1510564,0.1363651
16.95728,0.1487823,0.1549026,0.1507521,0.1361353
16.9714,0.1483845,0.1545459,0.1504426,0.1359015
16.98993,0.1479437,0.1541108,0.1500465,0.135653
17.00051,0.1474933,0.1536607,0.1496352,0.1353999
17.01375,0.1470299,0.1531939,0.1492067,0.1351393
17.02675,0.1460595,0.152126,0.1483153,0.1346391
17.04122,0.1450249,0.1509719,0.1473573,0.1341045
17.05599,0.1436797,0.1494307,0.1460474,0.133341
17.06902,0.142299,0.1478344,0.1446794,0.1325285
17.08392,0.1411698,0.1463839,0.1432935,0.1315978
17.09695,0.1400701,0.1449486,0.141899,0.1306358
17.11178,0.1389895,0.1435244,0.1405027,0.1296566
17.12526,0.138022,0.1423758,0.1393905,0.1287872
17.14005,0.137055,0.1412253,0.13828,0.1279202
17.1551,0.1362888,0.1403524,0.1374281,0.1271927
17.16685,0.1355288,0.1394914,0.1365901,0.126479
17.18042,0.13476,0.1386238,0.1357468,0.1257633
17.19899,0.1340363,0.1377001,0.1348371,0.1250684
17.20957,0.1333027,0.1367651,0.1339149,0.1243665
17.22229,0.1323269,0.1356964,0.1329704,0.1238267
17.23549,0.1313256,0.1346033,0.132006,0.1232826
17.25104,0.1301818,0.1334793,0.1309287,0.1226912
17.26338,0.1290163,0.1323372,0.1298155,0.1220812
17.27825,0.1278418,0.1311851,0.1286792,0.1214556
17.29194,0.1261306,0.1297574,0.1272518,0.1207771
17.30624,0.1244319,0.128322,0.1258021,0.1200761
17.32007,0.1225988,0.127152,0.1242901,0.119299
17.33276,0.120837,0.1260209,0.122793,0.1185049
17.34715,0.1191044,0.1249008,0.1212927,0.1176952
17.36153,0.1174587,0.1236706,0.1195731,0.1167208
17.37492,0.1158453,0.1224517,0.1178741,0.1157396
17.38939,0.1145098,0.121157,0.1160519,0.1147695
17.40785,0.1131487,0.1198657,0.1142341,0.1137917
17.41855,0.1124414,0.1185366,0.1128484,0.1131367
17.43105,0.1117029,0.1172065,0.1114747,0.1125062
17.44559,0.1109442,0.115877,0.1101035,0.1118891
17.45906,0.1103824,0.1142151,0.1085786,0.111301
17.47357,0.1097891,0.1125407,0.10704,0.110717
17.48753,0.1092333,0.1106523,0.1051673,0.109783
17.50024,0.1086575,0.1087468,0.1032875,0.1088266
17.5152,0.1080565,0.106803,0.1013818,0.1078509
17.52858,0.1073579,0.1047297,0.09909691,0.1062827
17.54385,0.1066421,0.1026476,0.09684114,0.1047149
17.55757,0.1056428,0.1002888,0.09438367,0.1024005
17.57075,0.1046241,0.09795596,0.09200238,0.1001511
17.58434,0.1033727,0.09576601,0.08964869,0.09726375
17.59788,0.1021144,0.09362027,0.08737958,0.09451312
17.61756,0.1008701,0.09151774,0.08518254,0.09189002
17.62731,0.09986325,0.09010101,0.08272884,0.08883382
17.64093,0.09894367,0.08866959,0.08070252,0.08628487
17.6553,0.09895547,0.08838506,0.08031987,0.0860886
17.66717,0.09911013,0.08840432,0.08015732,0.08589288
17.68171,0.09934498,0.08862681,0.08001564,0.08560599
17.69625,0.09976475,0.08934429,0.08039735,0.08588745
17.70914,0.100167,0.09004977,0.08061113,0.085949
17.72399,0.1007165,0.09144448,0.08175425,0.08667342
17.73749,0.1012422,0.09273664,0.08270672,0.08721373
17.75121,0.1017402,0.09390911,0.08351941,0.08763935
17.76491,0.1014044,0.09401554,0.08342545,0.08732735
17.77995,0.1010547,0.09413523,0.08338246,0.08704673
17.79288,0.1001247,0.09326272,0.08254009,0.08605748
17.80655,0.0992161,0.0924878,0.08180843,0.08517199
17.82552,0.0980825,0.09119084,0.08064281,0.08386647
17.83489,0.09702568,0.0900022,0.07957077,0.08267694
17.84872,0.09581576,0.08888324,0.07854909,0.08156075
17.86214,0.09392604,0.0877784,0.07735948,0.07980879
17.87663,0.0919226,0.08644365,0.07618612,0.07825019
17.89064,0.08954451,0.08486376,0.07451797,0.07658888
17.90484,0.08725758,0.08315942,0.07260846,0.0746303
17.92078,0.08510473,0.08144561,0.07066567,0.07260689
17.9323,0.08363842,0.0799071,0.06911743,0.07085015
17.94638,0.08221582,0.07842723,0.06762724,0.06918248
17.96002,0.08126473,0.07723528,0.06626882,0.06744546
17.97378,0.0803178,0.07608629,0.06496444,0.06586059
17.98855,0.07967974,0.07530618,0.06428826,0.06512237
18.00131,0.07911047,0.07461146,0.0636809,0.06447362
18.01567,0.07853962,0.07391702,0.06306035,0.0638153
18.03379,0.07831816,0.07350001,0.06271989,0.06344937
18.04486,0.07808633,0.07308218,0.06236583,0.06305897
18.05871,0.07780459,0.07263913,0.06204759,0.06276064
18.07147,0.07752378,0.07220192,0.06173007,0.06246192
18.08635,0.07724404,0.07176859,0.06141177,0.06216366
18.09953,0.07699414,0.07138294,0.06107668,0.06184402
18.11378,0.07673838,0.07099991,0.06073759,0.06152068
18.12766,0.07643889,0.07050623,0.06026477,0.06108905
18.14118,0.07613184,0.07000311,0.05978092,0.06064481
18.15519,0.07581522,0.06952656,0.05933328,0.06025555
18.16885,0.07549427,0.06904932,0.05889336,0.05987034
18.184,0.07517515,0.06857557,0.05846355,0.05949027
18.19713,0.07489043,0.06809848,0.05808444,0.05916836
18.21112,0.07461439,0.06762529,0.05771559,0.05885239
18.22618,0.07437567,0.06727721,0.05743402,0.05860974
18.24434,0.07414676,0.06694443,0.0571653,0.05837407
18.25339,0.07392393,0.06662077,0.05690289,0.05813972
18.2666,0.07376127,0.06641565,0.05670996,0.05794742
18.28085,0.07360408,0.06621905,0.05651999,0.05775761
18.29465,0.07347852,0.06605058,0.05635447,0.05761046
18.30782,0.07335752,0.06588643,0.05619028,0.05746675
18.32262,0.07323964,0.06572727,0.05604387,0.05735787
18.33561,0.07312381,0.06557028,0.05590004,0.05725323
18.34989,0.07300978,0.06541433,0.05575838,0.05715087
18.36424,0.07293339,0.06527832,0.0556662,0.0570938
18.37853,0.07288129,0.06514393,0.05558036,0.05703985
18.39092,0.07285567,0.06504701,0.05553653,0.05701214
18.40446,0.07284491,0.06495757,0.05550553,0.05698765
18.41984,0.07284515,0.06487462,0.05548468,0.05696753
18.43266,0.07284955,0.06480261,0.0554566,0.05693996
18.45202,0.07286005,0.06473678,0.05543218,0.05691296
18.46304,0.07287348,0.06467422,0.05539637,0.05687334
18.47564,0.07289116,0.06461532,0.05535974,0.05683194
18.49001,0.07290003,0.06457094,0.05530085,0.05674602
18.50287,0.07291107,0.06453362,0.05523907,0.05664288
18.51691,0.07292408,0.06450247,0.05517547,0.05652505
18.53008,0.07292526,0.06452325,0.05512019,0.05638351
18.54462,0.072926,0.064556,0.05506831,0.05623158
18.55932,0.07292172,0.0645711,0.05501908,0.05608465
18.57256,0.07291401,0.06458668,0.05496693,0.05593794
18.58682,0.07290378,0.06460296,0.05491224,0.05579158
18.60011,0.07288872,0.06458464,0.05486052,0.05565334
18.61539,0.07287861,0.0645737,0.05482933,0.05558465
18.62786,0.07286736,0.06454625,0.05478739,0.05544327
18.6435,0.07285727,0.06451896,0.05474865,0.05530531
18.66209,0.07284809,0.06449197,0.05471242,0.05517015
18.66962,0.0728491,0.06446089,0.05467296,0.05500938
18.68465,0.07285157,0.06442837,0.05463415,0.05484824
18.69715,0.07285055,0.06440007,0.0545973,0.05470097
18.71123,0.07284974,0.06437154,0.05456105,0.05455695
18.72662,0.07285575,0.06434379,0.05451033,0.05439508
18.73889,0.07286304,0.06431637,0.05445673,0.0542343
18.75316,0.0728714,0.06428911,0.05440037,0.05407337
18.76604,0.07288256,0.06428865,0.05436091,0.05392306
18.78216,0.07289532,0.06429478,0.05432301,0.053774
18.79551,0.07290775,0.06430843,0.05429071,0.05366217
18.80982,0.07292104,0.06432772,0.05426015,0.05355499
18.82298,0.07293504,0.06435177,0.05423092,0.05345087
18.83608,0.0729477,0.06438451,0.05420135,0.05336732
18.8509,0.07296058,0.0644217,0.05417241,0.05328609
18.86859,0.07296882,0.06442472,0.05416277,0.05325459
18.87833,0.07297758,0.06441936,0.05415696,0.05323682
18.89333,0.07298526,0.06441259,0.0541523,0.05322386
18.90578,0.07299343,0.06440005,0.05415031,0.05321505
18.92023,0.07300135,0.0643855,0.05414962,0.05320864
18.93358,0.07300377,0.06438135,0.05415663,0.05319849
18.94734,0.07300802,0.06437951,0.05415446,0.05318205
18.96342,0.07301234,0.06437817,0.05415141,0.05316542
18.97722,0.0730167,0.06437722,0.05414756,0.05314848
18.99049,0.07302101,0.06437661,0.05414307,0.05313127
19.00294,0.07302652,0.06440249,0.0541385,0.05308983
19.0173,0.0730323,0.06443101,0.05413348,0.05304515
19.03102,0.07303707,0.06446828,0.0541384,0.05300801
19.04636,0.07304228,0.06450956,0.05414452,0.05297056
19.06112,0.0730502,0.06454938,0.05414642,0.05292948
19.07986,0.07305872,0.06459162,0.05414835,0.05288776
19.08766,0.07306764,0.06463592,0.05415022,0.05284557
19.1012,0.07307474,0.06467937,0.054171,0.05285031
19.11397,0.07308181,0.06472405,0.05419302,0.05285733
19.12819,0.07308114,0.06473126,0.05420247,0.05288098
19.143,0.0730766,0.064716,0.0542136,0.0529112
19.15704,0.07307056,0.06468827,0.05422792,0.05294707
19.17022,0.07306311,0.06464944,0.05424276,0.05299145
19.18404,0.07305667,0.06458615,0.05425432,0.05305332
19.19816,0.07304945,0.06451382,0.05426504,0.05312455
19.21195,0.07304212,0.06444453,0.05428817,0.05323788
19.22661,0.07303447,0.06437328,0.05431496,0.05336799
19.24048,0.07302654,0.06430102,0.05434497,0.05351016
19.25458,0.0730184,0.06422804,0.05437764,0.05366006
19.26748,0.07301447,0.06419633,0.05443849,0.05386331
19.28809,0.07300765,0.06414739,0.05448943,0.05404292
19.29748,0.07300009,0.06409483,0.0545416,0.05422554
19.31009,0.07299116,0.06404571,0.05457629,0.05437152
19.32492,0.07298166,0.06399596,0.05460609,0.05450729
19.33735,0.07297177,0.06394541,0.05463195,0.0546355
19.35159,0.07295623,0.06389453,0.05465204,0.05472633
19.3664,0.07293908,0.06384206,0.05466889,0.05481086
19.37971,0.07292619,0.06379031,0.05467299,0.05486937
19.39369,0.07291351,0.06373701,0.05467287,0.05492248
19.40731,0.07290097,0.06368206,0.05466957,0.05497204
19.42148,0.07289573,0.06364094,0.05467189,0.05500138
19.43534,0.07289163,0.06359947,0.05467304,0.0550275
19.44983,0.07288944,0.06355501,0.05466652,0.05505123
19.46438,0.07288812,0.06350899,0.05465818,0.05507297
19.47786,0.07288744,0.06344988,0.05463726,0.055092
19.49748,0.0728873,0.06338617,0.05461328,0.05511019
19.50549,0.07288763,0.06331853,0.05458718,0.05512785
19.52007,0.07288691,0.06324025,0.05455739,0.05515973
19.53284,0.07288639,0.06315786,0.05452459,0.05519376
19.54652,0.07288672,0.0630775,0.05449328,0.05522708
19.56191,0.07288725,0.06299651,0.05446023,0.0552619
19.57433,0.07288782,0.06291416,0.05442522,0.05529865
19.5892,0.0728901,0.06284545,0.05439125,0.05532891
19.60207,0.07289267,0.06277841,0.0543564,0.05535895
19.61709,0.07289436,0.06273568,0.05433185,0.05537676
19.631,0.072896,0.06269809,0.05430919,0.05539251
19.64497,0.07289781,0.06265693,0.05428072,0.05540614
19.65865,0.07289986,0.06261743,0.05425171,0.05541832
19.67214,0.07290202,0.06257886,0.05422221,0.05542927
19.68842,0.07289544,0.06259371,0.05421463,0.05544196
19.70656,0.07288671,0.06261387,0.05421024,0.05545468
19.71562,0.07288201,0.06267389,0.05423602,0.0554661
19.72867,0.07287735,0.06276138,0.0542761,0.05547751
19.74119,0.07287282,0.06287605,0.05433027,0.05548803
19.75552,0.0728678,0.06304333,0.05439308,0.05549458
19.76936,0.07286287,0.06323892,0.05446573,0.0554999
19.78345,0.07286718,0.06369682,0.0546174,0.0555374
19.79892,0.07287505,0.06425102,0.05479448,0.0555844
19.81216,0.07289525,0.06498528,0.05504367,0.05568016
19.82598,0.07295055,0.06580162,0.05532662,0.05579891
19.84136,0.07304554,0.06667243,0.055635,0.05593714
19.85342,0.07323183,0.06788926,0.05610633,0.05618386
19.86686,0.07348751,0.06918494,0.05663052,0.05646863
19.88158,0.07378452,0.07024321,0.0571904,0.05684219
19.89489,0.07412615,0.07130252,0.05778395,0.05724906
19.91478,0.07450659,0.07238204,0.05841012,0.057684
19.92396,0.07476433,0.07270724,0.05876196,0.05796767
19.93602,0.07502463,0.07305596,0.05910959,0.05825048
19.94982,0.07511774,0.0729171,0.05919208,0.05837949
19.96472,0.07519774,0.07279722,0.05925911,0.05850007
19.97813,0.0752321,0.07264768,0.05926097,0.05855157
19.99251,0.07525785,0.0725117,0.05925233,0.05859423
20.00645,0.07527854,0.07238957,0.05923717,0.05863141
20.01996,0.07523862,0.07218418,0.05919065,0.05863494
20.03382,0.07517705,0.07192053,0.05914401,0.0586326
20.04762,0.07513144,0.07162409,0.05910201,0.05864
20.06201,0.0750799,0.07130928,0.05904837,0.05864327
20.07501,0.07502631,0.07099058,0.05898673,0.05864519
20.09152,0.07502547,0.07079112,0.05901027,0.05875408
20.10318,0.07503748,0.07062662,0.05905952,0.05888707
20.12261,0.07520123,0.07079117,0.05931739,0.0592175
20.13223,0.07540828,0.07105781,0.05964425,0.05959589
20.14572,0.07564595,0.07139999,0.06001423,0.05999863
20.16055,0.0759272,0.07193795,0.06057138,0.06066279
20.17318,0.07621253,0.0725086,0.06114533,0.06133227
20.18697,0.0765062,0.07307851,0.06168783,0.06196019
20.20144,0.07681787,0.0736841,0.06221831,0.06256814
20.21508,0.07706516,0.07418586,0.06265589,0.06308372
20.22886,0.07730278,0.07466919,0.06307192,0.06357591
20.24239,0.07753424,0.07513987,0.06347696,0.0640581
20.25692,0.07779364,0.07558846,0.06390062,0.06454348
20.27049,0.07805283,0.07602956,0.06432115,0.06502705
20.2856,0.07825311,0.07632092,0.06466974,0.06545823
20.2992,0.07844476,0.07659373,0.06501015,0.06588496
20.31331,0.07863055,0.07685471,0.06534465,0.06630844
20.33244,0.07879218,0.07699663,0.06557117,0.06666962
20.3407,0.07895075,0.07713105,0.06579778,0.06703141
20.35419,0.07915585,0.07728413,0.06599614,0.06731299
20.36874,0.07936749,0.07743715,0.06619655,0.06759985
20.38191,0.07961325,0.077588,0.06629589,0.06771994
20.39735,0.07985672,0.07773515,0.06638524,0.06783143
20.40979,0.08011252,0.07788737,0.06647828,0.06794678
20.42442,0.08030656,0.07795484,0.06653016,0.06799779
20.4374,0.0804986,0.078015,0.06657983,0.06804967
20.4519,0.080616,0.07799295,0.06663718,0.06814034
20.46663,0.08072296,0.07795836,0.06669433,0.06823654
20.47971,0.08082261,0.07791486,0.0667518,0.06833784
20.49368,0.08085421,0.0778183,0.06682215,0.06850931
20.50707,0.08088154,0.07769354,0.06689172,0.06869047
20.52242,0.08087552,0.07749835,0.06694409,0.06889156
20.54018,0.08084422,0.07727323,0.0669907,0.0690955
20.55039,0.08082726,0.07708654,0.06709556,0.06945781
20.56329,0.08080856,0.07689992,0.06721335,0.06984766
20.57609,0.08078995,0.07671547,0.06734115,0.07025044
20.59042,0.08089805,0.07681695,0.06771147,0.07080418
20.6043,0.08102208,0.07696228,0.06812321,0.07136288
20.6194,0.08128599,0.07730946,0.06876231,0.07202447
20.63248,0.08159612,0.07780369,0.06946824,0.07270408
20.64646,0.08196008,0.07843167,0.0702244,0.07340591
20.6606,0.0825313,0.07972918,0.07135492,0.07422695
20.67439,0.08316471,0.08119751,0.07251693,0.07506946
20.68823,0.08390783,0.08270294,0.07365203,0.07584099
20.70283,0.08469045,0.08423403,0.07482233,0.07663556
20.71663,0.08516784,0.08506098,0.07539963,0.0770131
20.73058,0.08560647,0.08581048,0.07594138,0.07737169
20.75072,0.08601882,0.08651211,0.07646246,0.07771917
20.75884,0.08618881,0.08654261,0.07645527,0.07774519
20.77184,0.08633976,0.08656561,0.07645048,0.07777064
20.78605,0.0864752,0.08655032,0.0763999,0.07769179
20.8008,0.08660176,0.08653132,0.07634895,0.07761393
20.81427,0.0867236,0.08651014,0.07629799,0.07753437
20.82898,0.08677068,0.08639967,0.07620764,0.07747231
20.84173,0.0868123,0.08628417,0.07611655,0.07738283
20.85701,0.08687371,0.08618591,0.07602131,0.07727877
20.86971,0.08693395,0.08608181,0.07590302,0.07716317
20.88344,0.08698585,0.08594317,0.07576699,0.07707387
20.89719,0.08703829,0.08578447,0.07562593,0.07699686
20.9102,0.08709237,0.08561294,0.07548782,0.07693397
20.92481,0.08746949,0.08599291,0.07588354,0.07723457
20.93884,0.08792842,0.08651347,0.07639454,0.07759727
20.9578,0.08847072,0.08696663,0.07683881,0.0779729
20.96837,0.08904897,0.08743574,0.07728832,0.07835377
20.98125,0.08965022,0.08790929,0.07773511,0.07873483
20.99531,0.09040952,0.08855705,0.07831698,0.07918587
21.0086,0.09121598,0.08925021,0.07889743,0.07968095
21.02233,0.09174028,0.08976538,0.07938486,0.08014562
21.03749,0.09225091,0.09031094,0.07991856,0.08065576
21.05046,0.0925407,0.09064916,0.08024912,0.08103107
21.06615,0.09280078,0.09097138,0.08057667,0.08141108
21.07889,0.09303959,0.09127833,0.08089823,0.0817899
21.0919,0.09313635,0.0914944,0.08116972,0.08212499
21.1065,0.09322147,0.09170366,0.08143844,0.08245604
21.12104,0.09328843,0.0919815,0.08174521,0.08278028
21.13556,0.09335578,0.0922662,0.08206037,0.0831067
21.14859,0.09339834,0.09252853,0.08237825,0.08343745
21.16769,0.09374244,0.09299815,0.08280704,0.08387786
21.17591,0.09412871,0.09346795,0.08321203,0.08428402
21.19029,0.09460695,0.09383924,0.08354416,0.08469208
21.20544,0.09511018,0.09419988,0.08386218,0.08508679
21.21839,0.09594683,0.09477423,0.08433832,0.08553346
21.23347,0.09685244,0.09538515,0.08484241,0.08598623
21.2456,0.0977971,0.09601785,0.08536514,0.08644307
21.26003,0.09858701,0.09654402,0.08574674,0.08672611
21.27351,0.09937377,0.09707661,0.08613809,0.08702083
21.28759,0.09994128,0.09727508,0.08618931,0.08694284
21.30199,0.1004843,0.09743733,0.08620735,0.08684836
21.3154,0.1010164,0.0975758,0.08620378,0.08674417
21.32978,0.1013043,0.09770703,0.0861408,0.0865109
21.34333,0.1015834,0.09783428,0.08607344,0.08627851
21.35704,0.1019358,0.09804516,0.08614132,0.08621281
21.37761,0.1023077,0.09826814,0.08622348,0.08616179
21.38759,0.1026992,0.09850173,0.08631636,0.08612058
21.39974,0.1033266,0.09891327,0.08665742,0.08636435
21.41137,0.1039835,0.0993731,0.08700719,0.0866345
21.4257,0.104579,0.09984371,0.08747308,0.08709221
21.43902,0.1052,0.1003486,0.08800038,0.08758687
21.45284,0.1057382,0.1007393,0.08848993,0.08806329
21.46734,0.1062963,0.1011218,0.08899117,0.08857372
21.48076,0.1068777,0.1015017,0.08950458,0.08911522
21.49507,0.1078479,0.1025624,0.09071207,0.09026714
21.50829,0.1088767,0.1037283,0.09202502,0.09150778
21.52253,0.1103508,0.1055074,0.09411554,0.09349692
21.53769,0.1118657,0.1073798,0.09629627,0.09553565
21.55106,0.1133796,0.1092706,0.0984788,0.09754804
21.56587,0.1145306,0.1114037,0.1008007,0.09981514
21.58375,0.1156742,0.1134918,0.1030633,0.1020025
21.59337,0.1163274,0.114687,0.1042323,0.1030874
21.60687,0.1169812,0.1158504,0.1054039,0.1041974
21.62216,0.117243,0.116372,0.1058794,0.1046526
21.63471,0.117481,0.1168377,0.1063308,0.1051019
21.64766,0.1177265,0.1173179,0.1068309,0.1056205
21.66215,0.1177202,0.1173698,0.1069434,0.1057042
21.67649,0.1176755,0.117448,0.107034,0.1058045
21.69029,0.1175038,0.1173748,0.1070389,0.1059185
21.70569,0.1173082,0.1172989,0.1070553,0.1060504
21.71811,0.1170993,0.1172218,0.107084,0.1061996
21.73208,0.1170117,0.1171567,0.1071166,0.1064914
21.74599,0.1169402,0.1171047,0.1071616,0.1068095
21.76066,0.116999,0.1172999,0.1074604,0.1074142
21.77452,0.117067,0.1175762,0.1077959,0.1080649
21.79366,0.117263,0.1180777,0.1084079,0.1089768
21.80361,0.1175441,0.1187025,0.1091332,0.1099283
21.81526,0.1179039,0.1194222,0.1099403,0.1108853
21.82975,0.1183866,0.1202736,0.1107331,0.1117646
21.84371,0.1189388,0.1211808,0.1115395,0.1125995
21.85703,0.1195045,0.1220533,0.1123881,0.1132689
21.87191,0.1200918,0.1229166,0.1132246,0.1138863
21.88641,0.1206854,0.1237633,0.1140445,0.1144758
21.90007,0.121015,0.1241382,0.1142487,0.1143029
21.91324,0.1213298,0.1244921,0.1143672,0.1141398
21.9276,0.1216578,0.1248316,0.1144197,0.1140062
21.94088,0.1219718,0.1251672,0.1144462,0.1139015
21.95563,0.1222852,0.1254,0.1144405,0.1137917
21.96889,0.1225803,0.1256124,0.1144386,0.1137001
21.98196,0.1228603,0.125811,0.1144441,0.1136212
22.002,0.123427,0.1261486,0.1147835,0.113959
22.01096,0.1240188,0.1265008,0.115154,0.1143189
22.02575,0.1248264,0.1270375,0.115945,0.1150663
22.03863,0.1257206,0.1276578,0.1167611,0.1158413
22.0519,0.1266953,0.1283544,0.1176471,0.1166222
22.06692,0.1283481,0.1294264,0.1191355,0.1178453
22.08069,0.1300451,0.1305786,0.1207417,0.11913
22.09443,0.131839,0.131798,0.1224534,0.1204347
22.10824,0.1335534,0.1330135,0.1241268,0.1216916
22.12334,0.1349682,0.1342957,0.1259244,0.1227912
22.13751,0.1363021,0.1355615,0.1276686,0.1238372
22.15161,0.1375766,0.1368012,0.1293582,0.1248412
22.16361,0.1384761,0.1381246,0.1310789,0.1256891
22.17679,0.1393693,0.1394166,0.1327596,0.1265243
22.19069,0.1398226,0.140641,0.1340166,0.1272175
22.21024,0.1402795,0.1418092,0.1352268,0.127888
22.21897,0.1407514,0.1429541,0.1364285,0.1285556
22.23248,0.1409448,0.1434731,0.1369256,0.1289121
22.24628,0.1411237,0.1440065,0.1374585,0.129282
22.26136,0.1411755,0.1441617,0.1376177,0.1294476
22.27539,0.1412353,0.1443337,0.1378028,0.1296052
22.28789,0.1412528,0.1442709,0.1377883,0.1296259
22.30261,0.1412787,0.1442088,0.1377777,0.1296162
22.31576,0.1413118,0.1441364,0.1377408,0.1295853
22.32996,0.1413497,0.1440399,0.1377162,0.1296266
22.34473,0.1413931,0.1439529,0.1376859,0.129671
22.35965,0.1414158,0.1438391,0.1376652,0.1297339
22.37215,0.141439,0.143691,0.1376439,0.1298015
22.38663,0.1414631,0.1435135,0.1376233,0.1298745
22.40121,0.1416127,0.1435546,0.1377807,0.1300579
22.41954,0.1417875,0.1436186,0.1379678,0.130252
22.42769,0.1421433,0.143789,0.1382321,0.1304521
22.44262,0.1425603,0.1439864,0.1385134,0.1306576
22.4569,0.1430314,0.14427,0.1388593,0.1308783
22.47067,0.1435254,0.1446173,0.1392422,0.1311014
22.48365,0.1440305,0.1450195,0.1396572,0.1313269
22.49799,0.1446813,0.1455915,0.1402131,0.1316159
22.51213,0.1453436,0.1462204,0.1408122,0.1319289
22.52666,0.1459069,0.1469577,0.1414683,0.1322787
22.54021,0.1464498,0.1477177,0.1421394,0.1326489
22.55385,0.14698,0.1484871,0.1428177,0.1330355
22.56764,0.1477544,0.1496259,0.1438551,0.1336066
22.58165,0.1485296,0.1507756,0.1449074,0.1342054
22.59653,0.1494373,0.1521509,0.1461658,0.1348705
22.60908,0.1503399,0.1535002,0.1474063,0.1355347
22.62847,0.151224,0.1548044,0.1486107,0.1361865
22.63852,0.1520857,0.1561999,0.149808,0.1368191
22.65073,0.1529242,0.1575504,0.1509737,0.1374355
22.6657,0.1538049,0.1590101,0.1521985,0.1380236
22.67909,0.1548496,0.1606233,0.153687,0.1387249
22.69411,0.1556193,0.161763,0.1547728,0.1392636
22.70757,0.1566077,0.1632161,0.1561718,0.1399388
22.72035,0.1575086,0.1645007,0.1574254,0.140563
22.73484,0.158091,0.165296,0.1583468,0.1410663
22.74784,0.1585501,0.1659632,0.1591083,0.141491
22.76323,0.1589957,0.1666063,0.1598272,0.1418926
22.77654,0.1594331,0.1672319,0.1605162,0.1422783
22.79039,0.1598638,0.1678416,0.1611803,0.1426511
22.80568,0.1600531,0.1680195,0.1614241,0.1429005
22.81786,0.1601813,0.1681587,0.161603,0.1430981
22.83706,0.1603207,0.1682867,0.1618117,0.1432942
22.84606,0.1604295,0.1683338,0.1619481,0.1434383
22.85994,0.1605405,0.1683744,0.1620727,0.143576
22.87389,0.1606449,0.1684159,0.1621906,0.1436975
22.88721,0.1607431,0.1684623,0.1623054,0.1438053
22.90247,0.1608374,0.168586,0.1625007,0.1439788
22.91593,0.1610306,0.1689227,0.1628439,0.1441906
22.92971,0.1612377,0.1692709,0.1631877,0.1444357
22.94394,0.1615117,0.169592,0.1635328,0.1446547
22.95714,0.1618248,0.1699355,0.1639022,0.144882
22.97141,0.1621717,0.1703052,0.1642896,0.1451145
22.98534,0.1627242,0.1708422,0.1647903,0.1454015
22.99915,0.1633237,0.1714254,0.1653144,0.1456987
23.01228,0.164017,0.172142,0.1659164,0.1460284
23.02751,0.164718,0.1728827,0.166526,0.1463598
23.04738,0.1654031,0.1736166,0.1671235,0.1466849
23.05516,0.1660696,0.1743355,0.1677066,0.1470039
23.06914,0.1669988,0.1754918,0.1685704,0.1474548
23.08192,0.1677544,0.1764769,0.1693299,0.1478806
23.09587,0.1684914,0.1774245,0.1700673,0.1483031
23.11054,0.1690562,0.178197,0.1707573,0.1487548
23.1239,0.1695799,0.1789046,0.1713976,0.1491841
23.13819,0.1700698,0.1795591,0.1719891,0.1495884
23.15218,0.1704703,0.180099,0.1724619,0.1499315
23.16651,0.1708544,0.1806149,0.1728908,0.1502562
23.18037,0.1712072,0.1811264,0.173314,0.1506094
23.19503,0.1715524,0.1816142,0.1737154,0.1509514
23.20852,0.1718892,0.1820549,0.1740965,0.1512798
23.22201,0.1722578,0.1825761,0.1745382,0.1516534
23.23679,0.1726189,0.1830638,0.1749556,0.1520077
23.25626,0.1729246,0.1833608,0.1751801,0.152247
23.26515,0.1732194,0.1836458,0.1754009,0.1524792
23.27935,0.1735025,0.1839209,0.1756176,0.1527039
23.2917,0.1737591,0.1842025,0.1758159,0.152883
23.30548,0.1740079,0.184478,0.1760129,0.153058
23.31886,0.1741934,0.1847043,0.1761582,0.1531673
23.33298,0.174373,0.1849263,0.1763023,0.1532735
23.34683,0.1745408,0.1851373,0.1764451,0.153391
23.36102,0.1747033,0.1853427,0.1765849,0.153505
23.37562,0.1748637,0.185546,0.1767238,0.1536169
23.38855,0.1750243,0.1857053,0.1768148,0.1536856
23.4029,0.1751816,0.1858627,0.1769051,0.1537529
23.41692,0.1753226,0.1860337,0.1770167,0.1538351
23.43017,0.1754585,0.1862027,0.1771287,0.1539169
23.44554,0.1755954,0.1863713,0.1772357,0.1539951
23.46499,0.1757271,0.1865366,0.1773412,0.1540718
23.47417,0.175854,0.1866985,0.1774453,0.1541471
23.48597,0.1759549,0.186853,0.1775529,0.1542325
23.50045,0.1760491,0.1870029,0.1776588,0.154317
23.51488,0.1761289,0.1871243,0.1777511,0.1543978
23.52851,0.1762031,0.1872379,0.1778388,0.1544757
23.5428,0.1762749,0.187348,0.1779246,0.154553
23.55556,0.1763176,0.1874221,0.1779709,0.1545899
23.56989,0.1763598,0.1874937,0.1780155,0.1546262
23.58407,0.1763819,0.1875442,0.1780477,0.1546537
23.59778,0.1764033,0.1875931,0.1780787,0.1546806
23.61213,0.1764231,0.1876302,0.1780909,0.1546908
23.62661,0.1764428,0.1876653,0.1781005,0.1546993
23.64019,0.1764633,0.1876993,0.1781085,0.154707
23.65374,0.1764643,0.1877216,0.1781158,0.1547115
23.67294,0.1764647,0.1877427,0.1781223,0.1547154
23.68108,0.1764752,0.1877616,0.1781272,0.1547204
23.69641,0.1764874,0.1877803,0.1781315,0.1547252
23.7099,0.1765009,0.1877989,0.1781354,0.1547298
23.72268,0.1765024,0.1878117,0.1781431,0.154735
23.73759,0.1765041,0.1878242,0.1781513,0.1547401
23.75003,0.1765054,0.1878407,0.1781558,0.1547398
23.7649,0.1765064,0.1878579,0.1781598,0.1547385
23.77969,0.1765109,0.1878754,0.1781648,0.1547417
23.79306,0.1765161,0.1878936,0.1781699,0.1547456
23.80758,0.1765219,0.1879122,0.178175,0.15475
23.82052,0.1765355,0.1879431,0.1781898,0.1547564
23.83517,0.1765516,0.1879768,0.1782066,0.1547636
23.84865,0.1765764,0.1880119,0.1782202,0.1547694
23.86222,0.1766046,0.1880479,0.1782338,0.1547751
23.88239,0.1766356,0.1880847,0.1782475,0.154781
23.88991,0.1766681,0.1881303,0.1782686,0.1547989
23.90415,0.1767013,0.1881771,0.1782909,0.154819
23.91736,0.1767294,0.1882189,0.1783143,0.1548385
23.93156,0.1767559,0.1882601,0.1783385,0.1548588
23.94569,0.1767842,0.1883068,0.1783676,0.1548869
23.96016,0.1768113,0.1883538,0.1783981,0.1549169
23.97435,0.1768368,0.1884005,0.1784295,0.1549484
23.98687,0.1768583,0.1884214,0.1784501,0.1549681
24.00139,0.1768773,0.1884388,0.1784696,0.1549866
24.01568,0.1769157,0.1884376,0.178485,0.155013
24.02929,0.1769538,0.1884314,0.1784994,0.1550412
24.04496,0.176991,0.1884213,0.1785135,0.1550715
24.05751,0.1770347,0.1884053,0.1785457,0.1551261
24.07227,0.1770769,0.1883859,0.178581,0.1551872
24.09071,0.177139,0.1883592,0.1786074,0.1552551
24.09985,0.1771983,0.1883304,0.1786332,0.1553274
24.11302,0.1772541,0.1883002,0.1786581,0.1554027
24.12732,0.1772474,0.1881758,0.1786243,0.1554229
24.14175,0.1772399,0.1880025,0.1785485,0.1554167
24.15454,0.1772046,0.1877637,0.1784132,0.1553366
24.16896,0.1771709,0.1874938,0.1782466,0.1552176
24.18281,0.177092,0.1870989,0.1779596,0.1549561
24.19721,0.1769384,0.1866643,0.1776303,0.1546515
24.2105,0.176713,0.1861961,0.1772658,0.1543196
24.22348,0.176373,0.1857817,0.1770302,0.15416
24.23833,0.1759755,0.1853433,0.1767744,0.1539823
24.25127,0.1756399,0.1850554,0.1766672,0.1539921
24.26564,0.1752954,0.1847558,0.1765504,0.1539769
24.28117,0.174943,0.1844446,0.1764279,0.1539473
24.29977,0.1748384,0.1843365,0.1763982,0.1539841
24.30902,0.1747278,0.1842201,0.1763615,0.1540329
24.32179,0.1744594,0.1840576,0.1762951,0.1541466
24.33603,0.1741729,0.1838914,0.1762205,0.154292
24.34962,0.1741306,0.1838661,0.1761962,0.154484
24.36414,0.1741089,0.1838344,0.176213,0.1546533
24.37844,0.1740861,0.1837915,0.1762558,0.1548069
24.39032,0.1740868,0.1834992,0.1760149,0.1547684
24.40494,0.1740451,0.1831866,0.1757303,0.1547163
24.41908,0.1742027,0.1828839,0.1754334,0.1547068
24.43338,0.1743156,0.1826507,0.1751301,0.1546903
24.44787,0.1743857,0.1824511,0.1748147,0.1546607
24.46144,0.1745611,0.1823924,0.1745515,0.1548436
24.47557,0.1746922,0.1823085,0.1742634,0.1549935
24.4886,0.1748392,0.1823204,0.1741492,0.1552507
24.50944,0.1750048,0.1822859,0.1740015,0.1554765
24.51682,0.1752518,0.182473,0.1740748,0.1556921
24.53048,0.17552,0.1826299,0.1741256,0.1558897
24.54539,0.175793,0.1827654,0.1741637,0.1560759
24.55859,0.1760298,0.1830471,0.1742713,0.1561996
24.57205,0.1762608,0.1833038,0.1743553,0.1563293
24.58573,0.1764427,0.1835507,0.1742473,0.1562478
24.59999,0.1766142,0.1837824,0.1741029,0.1558557
24.61452,0.1767794,0.1840044,0.1738385,0.1552567
24.62845,0.1767911,0.1840557,0.1731279,0.1538648
24.64214,0.1768032,0.1840956,0.1728532,0.1536108
24.65596,0.1768451,0.1840947,0.1713496,0.1503494
24.67012,0.1769102,0.1841223,0.1697528,0.146914
24.68388,0.1769197,0.1840298,0.1686648,0.1449589
24.69899,0.1769031,0.1838826,0.1675549,0.1427487
24.71752,0.1768668,0.1836995,0.1664027,0.1403463
24.72449,0.1768593,0.1835829,0.1658445,0.1393099
24.73993,0.1768492,0.1834719,0.1651979,0.137899
24.75285,0.1769408,0.1834905,0.1651596,0.1378647
24.76757,0.1770922,0.1835157,0.1650952,0.1376375
24.78256,0.1773022,0.1835413,0.1650178,0.1373124
24.79489,0.1775401,0.1836831,0.1652368,0.1375965
24.8088,0.1777948,0.1839017,0.1655317,0.1377115
24.82309,0.177973,0.184182,0.1660179,0.1379827
24.83709,0.1781396,0.1844837,0.1665619,0.1383469
24.85106,0.178195,0.1846987,0.1670271,0.1386013
24.86507,0.1782342,0.184894,0.1674588,0.1388197
24.87945,0.17826,0.1850726,0.1678578,0.1389983
24.89257,0.1781953,0.1851542,0.1680724,0.1388833
24.90615,0.1781119,0.1852226,0.1682452,0.1387279
24.9271,0.1779761,0.1851549,0.1682792,0.1387262
24.93502,0.1778245,0.1850242,0.1682589,0.138728
24.94906,0.1776545,0.1848449,0.1681995,0.1387328
24.96352,0.1774867,0.1846215,0.1680451,0.1386803
24.97644,0.1773065,0.1843796,0.1678742,0.1386277
24.9896,0.1771493,0.1841375,0.1678239,0.1388826
25.00463,0.1769896,0.1838956,0.1677867,0.139145
25.01823,0.17689,0.1837114,0.1678584,0.1396024
25.03215,0.1768011,0.1835361,0.1679497,0.1401699
25.04616,0.1767202,0.1833662,0.1680543,0.1408111
25.0598,0.1766387,0.1832638,0.1682493,0.141702
25.07411,0.1765595,0.1831651,0.1684513,0.1426115
25.08805,0.1765293,0.1831436,0.1686398,0.1433498
25.10258,0.1765074,0.1831289,0.1688279,0.1440383
25.11632,0.1764914,0.1831185,0.1690186,0.1446916
25.13505,0.1764891,0.1831377,0.1691533,0.1451568
25.14418,0.1764909,0.1831588,0.1692904,0.1456024
25.15656,0.1765172,0.1832082,0.1694337,0.1459295
25.17045,0.1765503,0.1832594,0.1695888,0.1462458
25.18501,0.1765889,0.183311,0.1697524,0.1465535
25.19946,0.1766087,0.1833512,0.1699415,0.147034
25.21352,0.1766288,0.1833927,0.1701369,0.1475128
25.22607,0.1766595,0.1834629,0.1703984,0.1481235
25.24482,0.1766935,0.1835395,0.1706702,0.148729
25.25558,0.1767462,0.1836269,0.1709036,0.1491644
25.27054,0.1768096,0.1837179,0.1711286,0.1495703
25.28357,0.176883,0.1838112,0.1713484,0.1499605
25.29594,0.1769235,0.1838523,0.1714626,0.1501375
25.31046,0.1769622,0.1838872,0.171567,0.1503094
25.32563,0.1769879,0.1839073,0.171639,0.1503903
25.34329,0.1770103,0.1839228,0.1717044,0.1504666
25.35248,0.1770306,0.183935,0.1717652,0.1505406
25.3655,0.1770399,0.1839395,0.1717746,0.1505859
25.37945,0.1770484,0.1839416,0.1717801,0.1506297
25.39246,0.1770487,0.1839372,0.1717946,0.1506442
25.40704,0.1770473,0.1839318,0.1718084,0.1506562
25.42056,0.1770422,0.183918,0.1717976,0.1506415
25.44933,0.1770237,0.1838853,0.1717589,0.1506017
25.46506,0.1769945,0.183859,0.1717358,0.1505874
25.47723,0.1769568,0.1838314,0.1717099,0.1505678
25.48984,0.1769341,0.183808,0.1716792,0.1505308
25.50456,0.1769341,0.183808,0.1716792,0.1505308
